248

stephanon, meg. 111. 162.

- 1111111111. 186.

- 111111111111. 81111. 128.

- meg. 93, 97.

- 1111125.

- nneg. 134,119,156.

- 11161111. 183, 181.

- 11111111. 121, 125128.

- eon. 11161111. 1911.

- 8111111111. 68.

·- 12,11, 155, 188, 1911, 263.
8. 8111111111111. 191.

- 1111. 1111. 219.
81111111111111(8111111111). 119.
Sioizenbeng. 129.

8111111, p. 75.

8113181116). 111.
strigoniensis archiep. 1, 3, 1, 8, 18, 11,

13, 15, 19, 22, 23, 14, 27, 28, 15,

811111111111111 vno. 81.
strigon. ep. 58, 57.

-1111, 55, 79,188.

- 15, 129, 183.
8111111111,11111. 72.
81111263.

8111, meg. een. reg. 1.

Sumne. 192.

8111111, 11111. 8,

81111. 127.

Soanos, 111. 71.

8111111111. 71.

8111111111 e. 81. 11111111.
81111 1111111 e. 81. regie 1.
Sient 11111Ιί1111. 2.
811111111111, pose. 2.
81111111111. 113.

8111111111. 216, 211.
811111131111111, 85.

81111111, 189.

8. regie 11111 (8111111111). 117, 181, 21111

81111111(8111111). 87.
811111111. 20.
811111118111111). 71. ’
811111. 128.

811111 (81111111), eonn. 11.
811111, 1111. 179.

81111. 126.

Τ.

11111, 11811 (11. 93,
1111111111. de 81111111. 1.

rotano, 175.

7111111. 85, 66, 69, 78, 82, 83, 164,
118, 138118, 186, 171, 115, 195.

Tamion. 18.

’1111111111 (Tei-tien). 63.

’11111111 (11111111). 118, 221, 125.

- 1111111111. 211.

1111, 811111 (1181111. 95.

7111. 96.

2111111111. 84.

1111111111, 811. 9.

Teutonici, eoeiee. viimiivon. 3.

- 61111111111. 46.

- 65,

Teutonici, 1111ρί111. 29.

- 11 Winz 1181111111. 68.

Teutonico· ordo 1111.111[111.1.1111.(81111
911111111811.)
111111111111111111111111). 193.
megi. 126.
1111111111. 11.
111111. izo.
111111, nuper. iem. 119.
Theoi. 15.
Theodoriene, (1181111. 131. Κ
’1111811111111111 11111111. ’111, 11.
- 11. 1111111. 45.
Theodorou 1111111. 181, 197.
- 11111111111. 158. ¹
-111111111111111, 164,165,188,174, i
176.

- 1111111. 179, 1811, 181, 188, 187, 111.
1111111111, 81, Weeioin. 19.
’11111111111111111111 98, 99, 161, 168,

1111135.
11111111,1ρ.1.

- ep. Agr. 15, 19, 21.

-— 1111. ep. vieee. 111, 115.

- 1111111111. 159,184, 189, 181, 186

- ep. Vno. 111, 135.

- 1111111. ppt, totino flung. 1111111. 11.

- 1111111111. 1111111111. 111119,

-· pp. 81111111111111. 111111111181.

- 1118111111. 1111.

- ben. 81111. 188

- 1111, 189.

- juo. 111. 159, 184, 188.

- 11118111. 181.

- 11111111111311111. 197.

- 11111111. 59, 66.

- 81. 011111. 126.

 

