110001110,011110, 1135. 1.
11001101. 131.

11011011ὺί111. 11.

mato. 215.

uatobijkepauka. 215.

Mukotew. 315.

1101010. 333.

- fit. 30111. 81.

Man-isius. 111.

Mermeros. 337, 338, 333, 317.
111100111. 137.

st. Μο11ςο10110,1101.11 1100100. 1.
margaretha. 83.

S. 1101ςο10110. 124}

110110, regina. 88,- 131.

8. 1111110 0111. 63.

1101100 B.. 1101001. 13.

8. 1101100, v. 1101011. 111 11111001. 313.
1101110101133, 133.
1101101011013. 133, 133.

8. 11011111 1030110111. 1111111. 81.
8111111111, 11110. 63, 111.
1101111, 0011. 31.
Martinus, 10111. 11.

-- 1100110101. 138.

-13,

Matthaeus, ep. Vegl. 331.
-1111111, 137.

-1111, 0011. 30301111. 33.
1 -11110 71011. 36, 38, 33, 133, 133,
’ 111111.

- mag. 100. 136.
- meg. 301111. 0011. 11111. ut.

¹ - de 0101. 181.

j - de Puloez. 336.
- 133.

. 111111111,011.11001011. 01 1100101. stegen. 61.

- 1110110011. Zugrub. 0010011. reg. 301013.

¹ - Zagrab. 11101100. 11000110. 116, 33.

- sacerd. 333.

5 1101111111,1”1(1. 011. 133.
’ - 11101113.

1101111, 11110. 37.

1100101, meus. Murgur. 1, 68.
J 11011100 (1111013). 138.
1111101133.

1101101 (11011101). 113, 131.
1101101101,10110. 73.

11011. 311.

- 11ῐο01110. 311.

11010110, Petrus de. 133, 133.
Μο11010, 11110. 178.
11011013.

1101101, fluv. 71.

110100. 131.

111013.

1111011001. 01031111. 181.

-111111111 113, 111, 177,178, 183,

188, 133, 137.

- 00101. 311.

-111110111 3, 13, 18.

-110013,

- fit. 31111111 11110010. meg. 13, 63.

- eon. 11111. 33, 133, 136.

- 0011. 111.

-111,11101. 1111.

- (103101. 183.

- de flideghouz. 137.

- 11311111. 133.

Michaelis, 8. 10110. 7.

- mene. 33, 31.

·- 11. 0001. 173, 173, 131, 313, 311.

- 71, 113, 133, 138, 188, 133.
1110101011, meg. 111.

Μ11110. 11. ’
1111110 (111101). 331.
11111011οὶ1, 11.
11110, 311101. 0011, 11,
1111010, 0011. 133.

- 0011.111.31Ι11,111. 3010111. 73,
1111111(Μί1011) 110 1111011. 131101,
11111110. 111, 111, 115,

11101111, 0011.1110001111. 1.
1111111, 1101. 138,113,173, 133, 338.

- ban. 01 11111. 333, 331, 331, 333.
1110101110 (111101). 133.

1111011. 71.

Μ110, 0111100011011011. 183.
Miles, 11111. 11.

Μ1101101. 11.

Mixa, 310011011166.

11001. 135.

Μο010110 (1101101111), benedict. 110. 38.
11010101. 13.

1101οΙ (1101111). 33.

11011, terr. 187.

11011011. 163

110101101111. 133.

110101, 11110. 115.

 

