11111111, 1111, 11111111 11121111, 12781 221.
1111111111, 12681 1781 12801286.

-11111111111111 1111. 12811 111.

- ,, 11111611111111111, 12671 187.

- 1111111111. Budrug. et 21111111, 12201 70.

- 11111111, 12011 28, 29.

111111111111, 12871 298.
1111111111 8111111111, 12881 295.

- ,, ,, 111111111112751288.

Μ. 111111 Martinus 11111 regiae 111111, 12891 855.
11111111 111111 81031111, 12881 296.

L. 1111111, 12081 181.

11111111111111, 11761 10.

- 1111111111, 12171 118.

- ,, 1111, 111111111290-18011 885.

- 1111111111111., 12801 286.

- 11111111, 12811 178.

- 1111, 12671 187,188.

- vajv. 1111111111 1111111, 12521 115.
-11111.,111ἰ111111290-18011 8851 12921 887.
- 111111. 111111 81211111, 12681 1701 12751 210, 2181 12971 859, 8801 12991871.
11111111111111111111111 Rofoyn. 12811 282.

- 11111111, 128812951 12911 820.
111111111111111811111111 11111110111111, 12711 212, 218, 2161 12721 211.
- 111111 11111111 de Geren, 12871 188.

- „ 11111111, 12871 1871 12721211.

- ,, 11111111, 12871 187, 190112781225.

- princeps 1111111 1111111111, 12711 282.

- 111111, 12181 187112171 117, 150.

- ,, 11111111 1111111111, 12511 159.

- 1111111111 111 17111111, 12511 1581 12851 188.
1111111111, 12201 70 (1. 111111).
Leuke 111111, 12191 68,

[1111111111 111111, 11111111 1288-12101 130.
1111111111 1111111111 111111 de 111111, 12671 186.
1111111111111111., vor 12301 130.

Leve jobbagio castri 11111111, 12861 188.
1111111111, 12171 117.

1111, 12801 1121111111111285-12101 180.
11111811 111111. 11 111111 de 2111111, 12811 282,
11111, 12681 191.

11111111111011111111111 0111111111, 12961 856.
111111 111111, 12851 285.

11111111111111 11121111, 12011 29.

1111111111 filius 11111111 de 1111111111, 12721 218.
1111111111 1111111 12701 2011 12811 281. .

- ,, 11111111 111 111111, 12701 205112711 280, 2811 12781 287, 2881
, 12761216,218.

1111111181 0111, 12781 225.

- 111112721219. ,
- ,, eomes (11 81111 12711 211, 2121 12721 211, 215, 218, 2181 12771 252.

 

