258

611111111011, 12811 271, 2761 12821 275.
6111101101, 12681 661.
81111, 12671 187.
801110110, 12861 280.
801161, 11681 1.
6111101010. 12651618.
8011, 12611 166.
6060011671 18.
601101, 12651 651.
60100101, 12811 276.
601111, 12211 88.
· 6011, 116811.
60111, 12651 161.
6111101111, 12261 82.
61110, 12711 206.
61111101, 12881 266.
6010000, 12661 168.
60111 (0111100160),12661 657.
60110, 12281 106.
601011, 12161 166.
6011110131, 12181 156.
60111, 12171 118.
6110116 (11111), 12681 161.
8110101, 12821 275.
61010101, 12161 115.
6111111010, 12611 611.
- 11110100 1285 - 12601 2861 12061
608.
611001, 12711 206.
61116011, 16061 676.
Castrum, 12661 261.
-161110,12811 282.
-1110010, 12661 1851 12711 2611
12861 662112611 326.
- 1101130,12111 161 12221 77.
·- Aranyuswar, 11761 16.
- 6001111 1100011010οο pertinens, 12681
162.
-61011011111, 12221 77.
-- 6000111010, 11671 18.
- 60101010, 12221 76.
- 60611111, 12661657.
- ,6101,12611661.
,, 60006, 12671 186.
,, 1111110, 12721216.
,, 70161, 12861268.
,, Tun-da, 12611616.
,, 160110, 12611 178.
,, 60001, 12661 666, 610.
- 0001111 10 001011. 161,, 12661 206.
- 6011, 12661 200.

6111110601010111010 (601010 11010, 11010-
11100110110, 611010110101, 8010104103]
010.) 12671 186,187,1661 12681
161, 165, 1661 12661 266, 2021
127612681 127112661 12721 211.

- 11001111, 12651 211.

- Kruezburg. 12121 18.

- 111106 11101, 12611 627.

- 1101111, 12221 77.

- 1, 1111110, 12161 166.

- 60010001, 12821 282.

- Sex, 12661 268.

- 8111160010, 11761 16.

-— 610001, 12611 617, 661.

- 70161, 16751 1.

- 70101100, 12861 2681 12611 616.

- 600100, 12281 166.

- 710000111ἰο 001011. 1111, 12661 266.

- 70111116, 1222176.

- 21100610010, 12661 166.

- 20011 11010011, 12511 156,

60111016, 12111 112.

60111, 11681 1.

6111111611, 12661 261.

6110 (11111), 12111 112.

611110 (10111), 12811276.

6110101011, 12661 656.

610300, 12761 261.

61110100, 12261 821 12621 666, 667.

6116111111,12821275111100111,12611 616,

-· Sancti 1 Deo 6111 (11 6101001613011),
12871261. ¹

··- 6101, 12611 611, 615.

- (0100111011οι0 60) 10112221 75.

61011, 12621 116,

6101001011011, 12671 650.

61011111, 12671 666.

6010 (60100), 12161 115.

6010100001111, 12661 6711 16061 686.

6010111101 11100111, 127612061 12761 2161
12821 2751 12651 651.

- 611110100111 (sabiniensis), 12211
86112181 156,

- 6010110οο11 (60 6101, 60 60100) 12161
1151 127512161 12861 2861 12821
2751 12611616, 6611 126116151
12671 6561 12661 671.

- 60601011 (601111, 60 001111) 12661
166112161 1115112761 2621 12821

*1111 11111 111.
- 60 601106, 12761 216.

 

