219

eomas 11121111 1111111111 (11111111), 12751 216, 2191 12971 389, 3661 12991 371.
- ,, ,, 1.1111111(1111.),12811282.
- ,, ,, 811111111261129.
- ,, ,, 1111111111(1111.),12761265112711211112721211,215,216; 12711
2361 12761 237, 2381 12771252. ¹
,, ,, 91111111 (1111.) 111 12681 1961 12731 226, 2271 12711 228, 229,
12771 252, 251.
,, ,, 9111111(1111.), 127512351 127612591 12931311.
„ 21111119111111 (1111), 12761 216, 218.
,, 2111111 1111111111 (1111), 12631 176.
,, ,, 11191111(1111.), 12711211.
,, 91111112171117.
,, 1111111111 (11111), 12911 312, 311.
,, 21111111 albertus mag. agaz. 12711 2121 12721 215, 219.
,, ,, Petrus mag. 1111, 12791 266.
- 6111111111, 12611 1661 12911316.
- 6111111111 81111111.Ρε11111μ1111 611111, 12721 218.
- 611111111111111161111111, 12911 317.
- „ ,, palatini, 12911316.
- 1111111, 129111 317.
-111111, 12611 178.
- flegun, 12791 281.
-1111111111111 91111111, 12921 338.
. -1111111116111161111, 12891 368.
- 1111111111 111111 Laurentii judex perregn. Trana, 12881 295.
- 11111111 1111111 9ς11, 12891 299.
- Minoia, 1111111111 1286-12761 162.
- 11111111, 12861 266.
- 11111, 12781 257.
- 111111 eomes 8111111111, 12911 319.
- mund, 12881 291.
—- Nikolaua, 1288129111 12961 3112.
- ,, 11111111111111 Gyan, 12891 366.
- 61111, 7111111, 12311 113.
- 01111, 12891 267.
- Paulus, 11111111.
- Petrus, 12821 2781 12961 353, 12981362.
- ,, 111111 9111111111113111111111711111, 12881 295.
- ,, 81111811111111111611113, 12891361.
- ,, 1111171111,1267;187.
-1111111, 12811 282.
- Stephanus vieejudex 111111 12811 276.
- ,, 12821271ς12911317.
- Vincentius 111111 1111111 Siculi 111 Sabus, 12521 156.
-21111111111119111111111, 12691 199.
- ,, 1211111,1111111112721219. .
- Ζ111111111111 11111111811111311, 126111 311 12661 36.
9111111111 Magnus, 12911 316, 316.
9111111111111 cle 71111, 12891 361.
6111 comenda 2111111, 12311 129.
6111111111 mag. nobilia 1111111, 12921 338.

 

