228

0001 1111011101. 23.

000011. 12.

00000110. 8.

00010000. 95.

0100, mag. 110011. 19.
0101, 00111. 1101111100. 92.

-· 10111. 11111. 92.

-· gon. 199,121,122.
01010101. 91.

010110, 0001. 800100. 61.
0101010101, 00110. 168.
010111, 11110. 65.

0100, 100. 183,181,
- 11110 (00100). 66.
010100, 59.

010010. 123.

01001, 0. 223.
010000, 00111. de. 116.
01030101010. 85.
010000 (000001). 168.
01001011, 100. 156.
010101010. 196.

0101, 0. 171.

- de 1101001. 177.
01011000 (10 70100101. 188.
01010. 218.

01000000. 116.

- mag. 89.

01101 (0101), 0001. 93, 95, 96, 99.
01011, 000100. 55.

0101, 1110010110. 211.

- 1101711110. 199.
010100. 125.
01100001011. 7, 81, 222.
0111011001, 100010. 21.
Christianus. 95, 189.
0100 Jacob, 11101. 199, 299.
01110000, 10110. 89.
0111100 (001100). 151.

- fluv. 62.

011100, 11110. 185.
011101001. 121, 189.

- 01000001100. 1, 7, 8.

- 0001. 29, 39,

- 00011. 29.

- 0000001010 (10. 189.

- 11. 0101110. 219.

- 11. 11110. 229.

- 0011010. 189.

-010111, 181.

“ - 11110181.

 

0101010100000. 63, 61.

010001011οῐ0 0100001. 96.

01010000. 72, 111.

-— 0010071. 199.

- mag. 192, 293.

0100100110, 0101011.

010100, 00. 1011000. 15, 61.

- 0000. 15, 19, 21.

clus. 16, 177.

- 001011. 199, 211.

01000, 011100. 11100. 53.

01001101. 299, 291.

0110011000, 0000. 9.

0010000, 00. 8,19, 11, 12, 15, 19,15, 56.
- 00010010, 51, 55.

00101000, 1011. 12.

00100. 110001. 29.

00100 (00100), 0011111. m, 129, 165.
0010000000101. 199, 211, 229.
00100101. 117.
0001οο, 01010 000100.

000000 (11000009).113.

0000010. 137.

000000101010 (110100-110000011). 138.
00000. 131.

00001000, 0001. 11.
0011011100 110 10101001. 83.

- 111. 011000001. 56.

0000100, 00. 1001. 15.

- 0011011, 19.

0100011000. 0010. 59, 58.
0101011. 179.

01000, 11000. 62, 151.
01001010. 11.
0100011010 (00101010). 18, 29.
010011010100111110. (1101000100.) 199.
010011011, 0. 9001001101 011100. 189.
8. 010010, 00010010. 229.

0110111, 10110. 111.
0100000000. 59.

0000011, 000100. 151.

- 00. 19, 15, 19, 21, 15, 53.
- 000100. 55.

0100011, 0010. 111. 1101082, 63.
0000001. 11.

000100, 100. 127.

0000110100. 11.

0000110000, 00011001. 6.

001011000ἰο, 0010. 53, 58.

01101001 (00100010). 9,11, 17,15, 17, 59, 51.

52, 57,88.199,131,135,118,171,181ι f

 

