250

0111111111 Comen, 12111 111112οί1 317, 331.
- ,, 1121111, 12351 132.

- 111 1111111111 (vein), 12331 123.

- 1111111111 11111111 11 2111111, 12101 131.
- 1111111, 12331 121112311 120.

- 21111111, 12511 151.

01111111111111211111111111, 12101 100.
01111111111111111111111. Petri 11 1111110111, 12721 218.
,, 111111 1111111111 11 1111111111, 12011 351.

01111111111111111211111, 12211 105, 101.

- ,, 0111101111111,12311317.

- ,, 111111111011,12011310,311.
11111111, 12011 321.
31111111, 12051 317.
11. 11111111, 12851 2881 12811 2001 12881 2011 12011320.
0100101111, 12011 1151 12071 187.
0111111111 11111111 011111 1111111111 1110-11721 0.
1111111 1111. 111111111111, 12781 2551 12701210.
(111111 1111111111 113111, 12311 115.
M. Georgius, 12851 285.
01111111111111. 12351 317.
111111111111 12701 2111Ι
Gregorius 1111111 11 S. 1111, 12011 320.

- 1111111111, 1111111111 1200-13011 385.

- filius 111111, 12031 352.

0111 1111111 eom. 11111111, 12051 317.

(11111 1111111111111111 1111, 12351 130.

- 111111 1111111111 1111, 12171 107.

(11111 11111, 12051 317.
111111 11111, 12111 178.
111111 111111, 12701 211.
Hermon 1111111211111, 11071 10.
1111111 11111111 12031 310.
1111 1111. 1113111111, 12131 118.
111111111111111 111111 11111111, 12011 321.
11111111 011111 11111111, 12071 350, 310.
-11111111, 120013721 13001 311.

,11111 111111 111111, 12311 113.
111111111111 011111, 1111111111 1110-11721 0.
1111111 eomes 111111 7111111, 12011 331.

- de 81111, 12831 270, 281.

11. ,1111111 111111 comitia 0111, 12721 211.
111111101111011111111, 12001 307.

—- ,, 11111111011,12011311.

- ,, 111111,12801211.

- ,, 011111101111, 12081311.

- janitor 111111 11111, 12071 117.

11. 11111111, 12811 230.

11111111 1111111, 12001 371.

-11111 1111111, 12881235.

- ,, „ 11111111,11911111.

 

