Comitatus (11 1111111111,12991 3721 13991
381.

- 1111111111(Το1111, (11111111), 12821
2751 12681 291112891 3911 12911
316112921 3381 12911 315.

- de Zonuk (111 2111111, (1181111111),
11991 25112911 291 12161 1151
12611 166, 1791 12791 261112821
275.

coppam 12881291.
copus, 1233: 289.

91111111, 12911 321.

9111116116, 12381 131.

9111111, 12761 219.

61111111,1111111111 1169-11721 9.

Culus, 12891 266, 3161 12911311.

61111111,12911329. ’

9111111111, 13991 379.

nala, 128⁰: 3111111111 111.

111111, 12891 268.

9111111111, 12721213.

1111111111,12611 1661 12911 327.

1111111111, 12611 1661 12811 283.

1111111111, 12111 112.

1111111111, 12171 118.

1111111, 12611 165.

1111111110111111111), 12171 1181 1111-
111111 1235-12191 139.

9111111111 6181111111, 12871 292.

1111111 (1111111, 11111111) wint-hen 1169
- 11721 91 1111111111 1235- 12191
1391 12161 1161 12711 212112721
211, 215, 216, 218 1 1275121121 12791
262112991 3921 12911 316.

11111111 11111111111111, 12911 322.

11111111 1111111111 1111111111 1299-13911
385.

6111111111. 11761 19.

11111, 11381 1.

Emis, 11381 1.

1111, 12911311.

11111111, 12191 68.

11111111, 1218, 119.

11111111 (11111 Saxonum de)‚· 12381 131.

111111, 127712521 12981 361.

31111111ο1111,1272; 2181 12711 232, 236.

81111, 12991 379.

1111111 (11111), 12691291.

111111111111 12391 139.

111111, 12911 318.

Foikod (villa) 12961Ι 353.

259

11111111, 12961 3611 12981 362.
Furnos 1111111111 1269-12791 162.
Fam 1111111111 1235-12191 139,

(11111, 12891 2681 12911329.
61111111, 12911 326.

61111, 12171 118.

61111111111, 11971 18.

1111111111, 12911 315.

61111111,11761 191 12891 2711 12811
2791 12891 391.

Geren, 12671 186.

61111111111, 12921 338.

6111111 1111111111, 12751 239.

(iinon, 11381 1.

(11111, 12791 261.

111111, 12161 116.

11111111, 12951 318.

6111111, 128912671 12991 376.

(11111, 12281 193.

6111 (11111), 12821275.

11111 (61111), 12711 2111 12711 3221
12821 2781 12961352.

1111112831 281.

1111111111, 128⁰: 392.

1111111 (111111), 11761 191 1219168.

1111111, 11381 1.

1111111111, 11381 1.

111113, 12951 351.

61111, 12761 259.

nochum, 12961 357.

1111111, 11971 18.

11111111, 12821 275.

11111111, 12161 115.

111111, 12891 298.

1111131111, 12961367.

lgm, 12661 185.

1111, 12991 397.

lgm, 12991 376.

1111111 Christiana, 1223: 81.

111, 12861169.

1111, 1138111

1111111111111, 12911 329.

11111111, 12781255.

1111, 11761 19.

11111111111 (11111), 12971 361.

11116 (pagus), 12611 166.

1111111, 12961351112971 358.

1111111, 12361 1311 12661 1851 128512861
12891 392(11111111111)1 12991 3761
1111111, 12991 376.

1111161, 12611 161.

17*

 

