’ 6011111811, 0110180 Alba. 188.
6111110111 80 1110101101110. 121.
³ 60111118, regin. 13.

, 6011111101 (11031001). 78.

’ 6011110111. p1·epos.flulsu. 13.

, 60111011. ep. 35, 39,15.

ἴ 6011111001011111. 101.

} Gerus, 80 60111101010. 182.
1101111101οὶ0. 182. , .
ζωωωω11ω

, 61101 (61101). 41111.

3 600011111111111. 23, 21.

³ 6001010111. 8.

1 6081111, 1011.190, 191.

⁴ Goganus, banus. 116, 117,

601011, curtis. 66.
60111018. 119.

1 601110111111. 202.
1 6011111810, 8111110111εο 10.

3 st. 00111118, monast. 55.
1 61111. 110,111. (8. strigonium.)
j 610011. 59.

1

61130111111111. 11018, 50, 51, 53, 57, 80.

- 8. 1111. 6118111111. 3,1, 18.
- legat. 6. ι
- 01001. 81113011. 213, 211.

- ορ.611111118.108,199, 135, 117, 118,

150, 159181, 189.
·- 0161111118. 1100011001. 151-156.
- 01111111. 81.
- ep. 60111101ιεί1. 15.
- mag. 11101. regin. 98, 99.

¹ - 11111. 109.

’ —- 0111111111. 112, 155, 177, 178, 183,

188, 192, 198, 298, 220.

’ Gregorius. 203.

1 - 81, Apa. 221.

’ -· 1111. 212.

f - presb. 11118. 221.
1 -1ωο1

, - 80 6118. 111.

’ - 80 Ρ11111111. 193.

·- 80 S. Rege. 169.

5 Grossvmdein. 138. (8.8111811111111.)
6101111111. 11.
sfflmfflmmwm

} - 10111, 19,120.

² wmfflmmmm

3 6111111111, sylvula. 71.
611111οι. 12.

 

1 611111010110111187.

611111 81 7111181. 191.
Gyan, 111. 111181 135.
611111 (61010). 11.
6110, 11111. 128.
6101197, 193.

Gyogh, 00111.Ρ1111. 102.

- 00111. 1118. 102.
Gyogy· 85.

Gyoug, gen. 130.

(lyon, gen. 119.

Gyoug (6101131) Andron 8110011. 101.
61011111, 1110111. 130.

6101 (0101). 138131.

61010 (611111). 201.

611111 80 8101111111. 189.

611111. 11, 87.

- 1111011111111802.

,- 111. 1011110111, 1111081. 80.
6111111118 (6111111118). 85, 151, 222.
6111111. 190.

- 00111. 80 30111. 189.
81118101110. 101.

1

1111111, ep. 11110. 181.
Hadaspntek, rivulus. 127.
Halm, 1110111. 200, 201.

8110111. 133.

11111011, 00111. 8011111011. 218.
11111111, 100. 196.

Hasag. 192.

1111111011 (11111111ςο11), 1011. 78.
1111111113. 292.

111100, 0011181.

Hegesholmu. 6.

Hegun. 116, 117.

Hegymozu. 3.

Helias, 00111. 8101011οι180. 19.
1101011110. 188.

10110 80 1101111111. 170, 171.

, 1011011, 00111. 90.

- fil. 8101181111 80 1108111. 118,
- pleb. 801111110. 173.
1010111111, 00111. 89.
1011110113 80 0111. 155, 187.
1101111113, p. 75.
- 80 1111011. 218, 223.
1101111011, 11111. 6010111011. 195, 196.
- 01111. 88, 91.
- han. 191.

 

