239

1111111111 St.. 11112211.
1111111111, 111. 5.
- 11. 11111. 209.
- 1111. 123, 127.
—— 1111. 811111. 102.
- mag. 122, 137, 138, 112, 155.
- 11,181.

st. 11111111, 111. (1111111). 95, 112.

11111. 111.
Eurinus, ep. 111111. 181.
anua, 1111. 188.
1111111111. 189.
1111111181). 187.
1111111 (1111111). 1111. 11, 55.
Eroszteveny, 111. 127.
1111111. 68.
11111. 182.
1111111 (11111),111113111111 55.
Erlyk. 3.
111111, 111. 72, 73, 88, 101.
- 11. 11111. 119.
Erwyn (1111111111. 55.
1111, 111111. 1165. 1.
- 1111111111111111. 71111111. 12.
11111. 11.
11111111. 111.
sumanus (1111111111). 168.

1.

1111111111. 133.

11111. 11.

11111 (11113). 207, 112.
111111. 125.

111111. 11.

1111111113. 188.
1111111111, 1111111811. 18.
1111111111. 55.
Feketehegy. 97.

1111111111 (111111111111, 8111111111).

86, 87, 88, 91, 93, 95, 106.
1111111. 188.
1111111, 11111.203.
11111111, 168.
11111111. 11.
11111 (8111111111). 201.
11111. 210.
11111111111. 6.
1111111111, 5.
Fertyz, 111. 91.
11111111. 155.

1111, 111. 121, 125, 125.
Fylesd, 11111. 197.

- 1111. 186.

1111. 72.

111111, [111. 113.
1111111, 111. 97.

111113. 168.

1111111111, ep. legat. 178.
1111111111 (11111). 55.
flandrenses. 1, 5.

- sacerdotes. 7. ·
1111111111, 111123, 35.
113111 (1131111), 187.
111111. 191.

111111. 2111, 211.
1111111. 191.

111111 (111111), 11111. 72.
1111111111. 103,

113111. 59.

11111, eom. 1.
111111, Saxo. 71).
1113111111. 11.

111111, Thu. 92.

G.

11111, 11111111. 172.
Gabriel 111 chon. 181.

- dapis. mg. 55.

(11111 121,111.

- villa. 179.

Gallus, 11111. 11111111. 78, 61911.
- 11111111111110.
111111, monast. 201.
61111111111. 5.

Geaninus. 152.

6111111111. 1511.

6111111, 111. 71.

Gela. 55.

611111, 1111. 55.
6111111111. 12.

(11113, 111. 1111111192.
Georgius, 1111. 1111111. 92.
-116111, 121.

- 111111131111. 190.
11111111, 1111. 191.

. 1111111111. 188.

611111. 2, 121, 123, 159.
Geren 111 11111111. 1118.
(1111111 (61111). 72.

61111. 88.

 

