212

vich. 12.
110110 (1110000). 110, 181.
1111801000,ορ. 11. 8, 10, 11, 12, 15, 16.
111Ιο cruciferorum (1101001100). 115, 212.
10101 (110101). 68.
Vincentius, 0001. 220.
- 81. 1101100 Siculi (10 sebur. 70.
- 83.
1110010 (1100010, 11101). 11, 68, 60, 82,
81, 108, 131, 152, 153, 218, 223.
11100, 11. predic. 220.
110101001100. 100, 101.
1110110010, 0001. 121.
Β. 111011100001010. 210.
10010. 165,
1111000, 00001000. 120.
10101. 101, 205.
- (110100 1111011). 201, 205.
10011000. 0010. 21.
1111 (11100100), ter. 78.
1100100. 101.
11111001110000, 0010. 6, 8,10, 11, 12, 15, 10,
22, 23, 21, 53, 60, 71, 82.
011100011000,00010010, 15, 71.
111100010000,0100000. 1.
1100011. 12.
- nob. 152.
- 0011010. 181.
10110011. 20.
101000. 12.
10100. 50.
1101110, 10110. 81.
1011001010, riv. 130.
1101100, 00011. 173.
1000. 12.
1000001, 11110. 82.
1110οἱ010. 173.
Urbanus, 00. 80
1111001, 1011010. 102,103.
111000, 0001110. 02.
1111100(11110,1111100). 100, 137, 170, 171.
111008 (1οΤ11011101010. 183.
1100, 001100. 71.
1101, 1101100. 203.
110110, 0. 110.
1101οΙ01. 168.

(1.1...

10011011, 0. 110.
Yeeu. 15.

10001, 0000, 58.
1000110, buu. 18.
1000, 0001. 55.
1000110000. 05.
1010,1100. 06.

2.
(erere mu 0, ss uc c.)

2001101001. 02.

200110000 (80100 Feres). 202.

zadun, 0001. 55.

2001011. 00. 10, 13, 10, 21,15.

2010 (80010). 128.

20101 (irrui ezelini). 13.

201011 (8001111), comit. 181.

- (20Ιο001).85.

2010111100, 0. 110.

201010080000. 75.

200001110οὶ 115.

2001000. 68.

200100 (200100, 201000, 8101000), fluv. 80, ’
101, 113, 128, 200, 202.

2000011.

200000101010. 06.

2011111101 (2010101, 8001110101), 0001. 73, 128.

20000101010. 115. 1

2010 8010111 (811011). 113.

2010011 (2000111, 2010011, 8001001). 02. .
116, 117.

zebedei, 0001. 133.

2001, 000100. 55.

20001100. 51.

201, terre. 70.

- 171.

20100 (2010008). 100.

- (8101110). 177.

201011.

20100110 (800100100). 202.

2011110 101001 (80001 10101). 60.

2001018010101010. (80.) 132.

2011011010101. 211.

20011 (2001100101). 3.

200101 (8100101), 13,11.

2010101101. 168.

levi-in, 1100. 117.

21111ιί101, prov. 120.

2111101000. 0001. 23.

2100111. 68,

21100, curtio. 06.

zuei, 0. 128.

 

