231

anchard, 11111. 115, 188.
1111111111, 1111111. 60.
11111. 11.
11111111161111), 188.
11111111111111111, gen. 112.
11111111, 111. 06.

111111, comit. 187.

- 127.

1111111111. 127.

1111111111. 125.
11111111111. 101.
1111111111. 111, 115.
11111111711111, 1. 1. 1111111111, 01.
111111. 212, 221.

1111 1111111111). 177.
1111111, terr. 158.

1111111. 11.

L.

1111111111,111. 76, 77, 00. 100, 101, 105,

100,108, 100, 110, 112, 113, 115,
116, 117, 127, 130, 132, 101, 106,
137,138, 113,115,116, 117, 110,
150, 151, 152, 153,155, 150, 157,
158, 160,102, 161, 105.

- 111.,111. 188, 185, 188, 105, 222.

- ep. 111. 150, 101, 188.

- pp. Ι11111111. 200.

- 111111, 111111 111111. 70.

- 1111. 87, 108, 120, 178, 181, 100,
200, 211, 211, 222.

- 111. 111. 111, 160.

-- jud. 111. 102.

-1111178,

- maj. 1111. 150, 185,180.

- 1111181111. 15.

-1111112,

··- 111 0111111111. 106.

- 111. 01111. 155.

- 111. 1111. 221.

- 111. 1111111. 71.

- 3111011111.

- 75, 135, 155.

1111011111, 1111111. 205,

1111111111, 11. Agr. 08, 00, 102.

hundo, 11, 8111111205.

111111, 11111. 8.

-11111, 157, 166,167, 170.

1111111111, 111. 102.

- njvod. 85.

1111111111, 1111. 111111 111111. 88, 80, 81.
- 1111. 117, 118135.

- 11111111111111111. 81, 102.
- 111. 1111111. 08, 90, 117.
- 1111111111111. 21,

- 1111.1111. 181.

- 61. 11111111, 86, 87, 101.
- 71, 01, 07, 110, 128, 111.
1111111, 11111111 811111111111. 100, 210,

011, 215, 220.

1111111111, 71.

Legna. 103.

Legna. 02.

1111111165.

11111, 11111. 211.

- 210, 211.

1111111111111 (11111111). 155.
11111. 11.

11111111111. 13.

-· 1111. 50.

-· 1111111. 1111111. 88.
1111. 85.

11111. 11.

1111111111, meta. 71.
1111111111. 31.

1111111111. 31.

1111111111. 38, 30.

1111111111. 168.

111111, 1111. 11.

111. 11

1111. 50, 00.

1111111111, 11111111. 88, 81.

-11111 11111111. 120, 135, 110, 110, Α

150,161, 168.
- 11. 111111. 88, 00, 102, 108, 100, 171.
11111111111. 176.
111111,11111. 177.
11111 (1111, 8111111111). 201.
11111111, 1111. 135.
111111, nm. 50.
11111111, 11111. 58, 83.
1111. 221.
11111, 1111111111113. 1.
- 1111111111. 61.
- 1111111111. 181.
- 111 0111111111. 106.
- 8111111111. 66.
11111. 80, 160.
1111111. 180.
1111 (111161). 18.
1111111111, 11116. 207.

 

