238

9111111, 111. 11111111 ds 9111. 155.
- 91811119. 297.

-— 91 (intend. 159.

- 11191111111111. 182.

- 9111111111. 192,193.

-— de Mathonis. 98.

- 1111111111. 131.

- 91811111. 189.

- 9111111181111111111. 91, 99.
- 91191191. 177, 223.

- p. 119, 131, 111, 293.
911111111192.

Philippus, 111111181111. 79, 98, 99, 129.
- ep. 1111. reg. 11111. 98, 99, 192, 199.

199,171.

- 1191111111. 112.

- mag. pino. 99.

- 11. 111111. 91.

8. Philippi, 1111. 55,
91111111(911111119ο111) 157, 199.
9111111111. 11.

9111111111. 139.

91111. 12.

9111111191. 81.
9111111111(911111). 198.

9111111, ep. 811111. 171.
Pons abbatis (Apahidn). 129.
91111111, 1111198, 99.
9111111111. 1511.
911191, 11111111. 3,
911911. 198.
911111, palatin. 11111 enni. 19.
9111111, episc. 32.
9111, 111111 Solum ngas. mag. 19.
9111111111,11111. 19, 11, 15, 21, 21, 15,

191, 181.

9111111111. 181.

9111111.11.

911111 (9111), ep. 81111. 135,159. 161, 199.
- 23.

9111, 92.
911111, 11111191. 19, 91.

Pons mag. taven. 19, 57, 99.

- 1111111111. 99.

9111111111. ep. 51, 53, 58, 99.
9111191111. 191.
9111111111(91ο1119111), 121.
91191111. 18.
911111111111,1111111. 2.
Pninromnnie 111 (8111111111). 121.
9111111111. 111.

Q.

9111111 (xis-115, 8111119111). 89.
9111111111111. ep. 19, 11, 15, 19, 21, 15

1119, 111111. 221.

1111111111. 15.

1111119 (1111111119). 87.

1111111. 7, 222.

111111111111. 133.

nituit 19.

1111111911 (1111111911, 1111111911, 1111111-
911),11Ι111111. 111. 21, 15, 61,

·- ung. dnn. 1⁰2,1o9.

-11119, 129.

1111111111 (1111111), fluv. 191.

1119 (lion). 9.

8. Rege 91 (1911111111) ¹

8. Regis, 11111, sn. Kiraiy. 127.

11111111 (111111). 11.

9111111111. 115, 119.

flegun. 11.

1111111. 91.

11119, 1111191. 183.

9111111911, 91191111. 111111. 5.

9111111111. 91.

1111111111, 11111. 131.

‘nino (Reiehnn). 177.

1111311ὶὶ111 (1111111ὶί1911). 199.
11111111, 111. sirig. 15.

- 11191111. 19, 11, 15, 21.
Bucinna, 1. 89.
1119111. 99, 118.

nonnitus, 1111. 91 8111111111. 189.
1111111, eoin. 131, 131
lingonis, mg. 111119111. Ain. 12.
1111111911, praepos. 1111911111. 12.

- psl. 1111111111. 181.

- 111. 131, 139, 1591611119. 181.
- mg. 111. 196.

nom. 299.

Roman. 75.

Ronanus, ep. ...1 2911.
11111111,1111. 55.

Rotundus, 1111, 111, 115, 195,198.
Bononiensis, 1111111 19.

noina, enni. 89.

1111111111, 111111111111. 12.
1111111111. 19.

 

