LXXIII

Origine! 16 6166666166166666 Capitulini-Archiv, e. 6. A. t. 6, 36.
1161666111077. 1611661111, 163.
[161661666666 116. CLXXV.

326. 1191. 9. 611.-11.Α616666 6661111161 1661166. 16666666, 8666
166 666666 666166, 616 Priviiegium 166 6661161666
vem J 6666 1276. [161661661666666 Petro 1666616666 (66166.)
. . .116666166666616 1666666666 61666116 16 16661. . .

16666 111, 1, 128.

326. 1191. - 8166666, 1166161666 661 11116, 116 81666 1166-
6666666 ,,16 genere 816616666“ 66666666666166616666-
6166166666 6666661161, 1666 616 „terrem 6666 86166161 ex
6611611666 Stephani R. 1666166166, 61666 16166 vicinitates 16666666
166666616666616616 666161 116666161666616661 juxte 11666166, 666
666 Saxonum de Romesz et de 116666, 1166 661666, 1611111166616-
1611 66 villae (1666 61166,“ 116 6666616 11661161666 8116666

66116666166966161661861666,11681666066616666
11611166 661166661666166666 6666166166 66666.

166166 1166661611’66666 86661666, 16111. 86661166,
166616 l, 68.

327. leet-K. Andreas 66166111 166 1661666661661611666 666
1666666666, 116 16 ’166166666161611 6116 1666 1661·
66116661616 66616666, 1161166616 166 166166666166161-
166 66666666166, 8661 661 Kotes, und tergiteeert
deren Gebiet.

Aue 61666 ’1666666661 666 1512. 1166666, 11616616666661666,
86661. 1, 113.

16]16111,1,105.

961661666666 116. chxvl.

328. leti-x. Andreas 66666661661 66666661 166 666 111666-
666661 16 0666-6616666166 6666616666 1166166666 666
16661616 116 1661661166, 66166 6616666 616 6666166
worden. und die 616 16666 116 ’16616666 66616666
66666.

1616611, 1, 119. 1666611 1166111611 1838, p. 18.
[161661666666116. CLXXVII.

329. 1291. 1111616.-11661166-11616616....6666166161, 1666166
816611 66166666166 6666611661666661166 616666-
666616666666611611611616611 166166661666616116 166
161 661661661666166, 1666 66666166 0661161 16 61666
11616616 116 gennente 16666 66 166 66666 11661666
66166166166666666166166.

0616. 16 6166661). 6661161666. 6. e. Α. 1. 6, 11. 86666161, 661.
666. 116. 616.
, Urkundenbueh 116. CLXXVIII.

 

