ς 0000110. 11.

110110. 15.

111000 (nuda). 80.

1100101. 21.

1100010100, rex Roman. 118. (0. 00001100.)
1101010011. 223.

11001, par. 115.
1100010. 11.

S.

0001, 10110. 92.

Saaaadg. 202, 203.

sajo, fluv. 00.

Salomon, 1101010. 10011111. 217.
0010010100. 21.

Salamon 00 1101001001. 207.
Samson. 19, 115.

- 111. Pauli. 139.

Sampson 00 001000. 150.

- 103, 201, 205.

Samuel, 0001. 15.

0010, villa, 1101. 62, 151.

- villa. 127,188.
0010010101 (801010000011). 155.
- 1011. 107.

0011100011). 179.

00100, 000111. 97.

00100. 131.

Sasag. 105.

0000ος (0100001). 189.
000101, 0001. 55.

0000101. 81, 82.
000100, 00000. Alb. 177, 201.
Saul, Orod. 0010. 01.

··- mag. 193,191,195. ,

Ι Saxones. 2, 19, 01, 70, 127, 152, 107,

172, 180, 181.

² 00001. 12.
’ 000100, predium. 185.

- 1011. 223.

; 00010001, 00011. 101.

000000. 150.

0000000101. 200.

0018101001, 00000. 01 pleb. 79. (0. auch
’ 0000 Ζ.)
000010. 000111. 09.
001010100000. 83.
00010010111110), 0000000. 07.
00110100,10110. 50.
0011000, nemus. 0.

180

00001011 (0011001003). 121.
001000, 29, 70, 218.
Segaavar, 11. 01000210.
0000101000. 115.

00100100. 91.

y 000, 0001. 121.
x Siculi. 12, 17,18, 20, 29,15, 09, 70, 120,

117, 110152, 107, 108181.
01011000 00100010 majore. 131.
00101000 00 010100. 170171.
01100. 11.
0110ος, com. 159, 101, 109,
0101000. 12.

Simon, Varad. 00100. 10.

- hanua. 13.

01100οἰ00. 71.
000100001001010000. 00.
000010 (00110131, villa. 155.
Synetelnke. 101.

syaa (spana). 100.
0110100010, mons, 0001100. 2.
0100103000, 0010. 15.
0010010001. 01.

Solum, agat. mag. 57.
001000100οη. 11190111. 132.
0010001000 (00100001), 91.
00001 11.

000100, eom. 15, 21, 15, 150101, 109.
000000. 0.

00000. 11.
Sprang, 1011. 223.

, Stephanus, 1011101001, 19.

’ - 90, 91, 05, 90, 97, 98, 99, 105, 109,
112.

’ -101, 111, 128, 135, 130, 188, 113,
115117, 118, 119,153,180, 108,
180191, 210.

'-mmmwstffiQQQ
QQQQm

- Balnearum ap. ...2 205.
- 00100. ep. 0000. 98, 99, 102,100,100.
- 00. Zagrab. 15, 19, 21,15, 01.

- ’ —- abb. 121.

- pp. 110. 208, 220.
- 010010100110. 212, 221.
- 11. eremit. 111). 217.
- 0000. pp. 71101. 01.
¹ —- 00 0011110100, palat. 0010. Symyg. 07.
- 111100, banus. 2, 3.
’ -100001, 181,
- 0100100. 001. 121, 122.

 

