2&

1161166166. 199, 200, 202, 206.
- viu. 195.
11666 666166. 161.
61666 1661116 (6661566631. 66.
11666 8. Petri (9616666663 1. 66.
6661666161666 51.
norisius, 1166. 14, 62, 69, 141,162,166,
161, 191.
Mors, 1166166. 18, 20.
Morus, 11uv. 46, 49,148, 149, 168,192,
6166661661. 101.
-— 6661. 16, 16, 21, 46.
16661. 92.
1116166661. 146.
Moys, 6666166. 181.
- 616166611616661. 114.
-· simig. eom. 106.
- 66161. eom. Sopr. 98, 99.
— 71.
166666, eom. 816. 169,
166666. 14.
11166666 (6166666). 168.
11666 (16666, 6161666661), 166.
6166616, p. 199.
Munoro (1166666), terr. 78.
616666. 144.
616666, Petrus 66 61116. 131.

N.

116666. 14, 94, 200, 216.

1166666, 6111. 210.

11666161661116. 66.

11636161. 206.

11666. 19.

1166666, terra. 81.

116666, viu. 185.

Nepocor. 42.

Neutra, 6616. 15.

Nezdinus. 42.

S. 1116616116 0666666 0. 6166. card. 81.
61661666, Strig. ep. 102.

- 6616116. 89, 95.

- 6616616. 6166666. 100.

- 666616166. 66 666611. 216214, 217,218.
- pal. 15, 109,166,169, 164, 169.

. -mmww

, - 6616666 766666. 2.
'mm

— agam. mag. 46.
- eur. com. 24.

1116616166, 61666616. 129.

- com. 66661666. 19.

- com. Bihor. 46.

- com. 96666. 10.

- com. 1461416176.

- 111. 6161166 66616663. 192, 201.
- 61. 166161. 6616. 120,

- 666166 111. noroy. 12.

ο- 6166669616. 196,194, 196.
- 0661, 199.

- mag. 0661 66 666166661161. 211.
- 111. 0166666116. 72.

' - 61. 11666161. 181.

-— 66 66666. 12.

- 66 (1616. 111.

- 66 666666, 160.

- 6611616666· 126169.

- 66 Gyog, 6616. 196.

- 61 Andreas 111, 166666 66 Gyoug. 136.

- 6611616166. 198.

- 66 1116636666. 197.

- 61, Petri. 189, 190.

- 66 Mera. 211, 214.

- 66 Thur 61 Elisabeth. 107.

- 111. 11666 66 2616166 116666. 76.

- mg. 104, 161, 266.

- niger. 119.

- 9, 18, 20, 99, 196, 167,166,169,
204.

-1666 177.

S. 1116611666 (86, Minos). 120, 166.

11166136661666 (Nema). 74.

11116, 14.

1111666616. 92,181.

11661166 flung. 176.

116366161631. 24.

11636666 (666666611166. 78.

1161611. 18.

1161131661. 9.

Novum 66616666. con. 16,19.

1111666. 89.

0.

1166616666. 168.

066616 (6666666666). 96.

0666, eom. 49.

- eomes 61166 6116666116. 49.
066666· (116666). 111.

06666, eom. 15.

06666, eom. 666. regin. 61 1166663. 46.

 

