261

Possessio 81011, 12971 360. 81101101οὶ1 128913061 12931 313.
-801111011 (augustens), 12331 370, 811111 (81111), 12311 3131 12931 317.
371, 371. 81111111, 12611 179.

- 81011111, 12071 360. 811101, 123811.

- 80111001, 12031 376. 800101 (praedium regale), 12331 13831
- 8011110110, 12831 281. 312.

- 8011,11111011001291-1301 1 383, 381. 800010111001, 12881 201.

- 0011001101,11111011001133-12101130. . Seep101‚ 1216. 116.

- Egeres 12091 371. 80001001, 12171 118.

- 80100 (terra, 11111), 12921 333. 8010110010, 12981 363.

- 803101 12911 318. 80011111, 12171 118.

- 6101, 12831 281. 8010101001, 12721 216.

- 80010110 12091 371. 80000011, 12801 268.

- 1011110811, 12991 371. 8010111, 12881201.

- 11111010, 12831 281. 801111, 12161 116.

-81001, 12911 310, 316,3171 12921 801101, 12321 1331 13001379.

331. 8003, 12091 376.

- Multo, 12091 371. 8111011101, 13001 379.

- 111111110101, 12831 281. 80010, 11381 1.

- 1110001101, 12971 330, 360. 80011111, 11761 10.

- 011111, 12971 360. 8οι(01111010), 12891 268. ’
-81001010111, 12991 371. Simu, 11381 1,

- 800018000101, 12011 330, 360. Simeon, 113811.

- Tyro, 12991 371. 80101, 11381 1.

- 710011, 12761 216. 8001011101,111101001260-12701 162.
- 2111110001, 12071 360. 801101, 11971 18.

- 20100110, 12971 360. 800013(810001, 1011111),1118141 12131
- 8οο10111011, 12831 281. 1111 12911 331.

- 8010101001, 12911 329. 81010300101011, 12821 277.

- 811011, 12011 360. ” 8111110101, 1111101100 1260-12701 162.
8100111013, 12801268. 8030110,11371 18.
Pulcher 10001, 12801 268. 800110, 12771231.
Pyspuki, 12761 219. 8111111, 12801 306.
80011, 12061 33. 8001 0011111111, 12171 118.
secisse& 12171 118.. 80011110, 12171 118.
Regum 12281 103. 816101,12031 319.
8001112921 338. 8101011, 12821 271.

81011010, 12671 180. 70111 11000111, 12781 238.
8110111, 12671186. ·- 1110111, 12811 319.
81110, 12911 330. - Bagag, 12911 319.
8101111111οὴ, 12931 318. - 811100, 12911 319.
1101101, 12681 1321 12701 262. -00011180111, 12711 230.
11001011, 12911 326. - 80011, 12831 281.

8101101111, 1111101100 1290-13011 383. - 8111110110, 12611 177.
801011,12281 103. -811001001 (0111101001, 7011000100),
810011 Agatha, 12801 268. 12221 76, 77112311 113112321133.
810010111111101101, 12191 68. - 8010, 12311 113.

Sanctus 80011001,127012031 12771 232. - 8010100, 12991 376.

-111001101, 12221 76,77,12801 266. - 80101011, 12231 81.
-Ρ1010112931317, - 80111110, 12831 183.

81101, 12831 280. - 8013110100, 12311 113.

 

