228

1111111, 1111. 1. 81111. 85, 98,97, 102, 8111, 11111111. 11111. 1111. 11.
101, 198. 8111111, 811111. 1111. 10.

- 811111. 1111. 11. 81111111181111111). 155.

- 111181111111. 111. 81. 811111111111. 121, 122, 128, 118.

- 1111195119. 8115111111 (81111111). 207.

- 1111111111.112,113. 1111111, 1111. 122, 123.

- 111111111111. 81111111 1. (1111. 111.

- 71, 88, 89, 121111, 118, 188, 197. 811111111111,11. quinqueeeel. 15, 19, 21.
8. 111111, 111111. 80. 15, 81.

111111, 111111111111111111. 107. - ep. 71111. 185.

1111, reg. 121· — 111111. 1. 7111111. 102.
111111111181111. 181. - 111. 11. 109.

- 11.1111.811111.1ρ. 11111. 817. - 11 81111. 112.

- 1111111111. 128. 8111, 1111. 181.

1111111. 91, 95, 221. Basileus, 11. 811111. 81.
11111(811111111). 115. 81111111, 11111. 111111, 1111 11111111. 201.
-11111, 180. 8111, pers. 119.

1111111111111. 117. 811111111, 81111111. 88.

1111111. 1111. 57. 81111, 1111. 15.

1111111, 111111(111111,1111111, 011111). 8111111111. 80.

3, 113,188,182,191, 291. . 81111. 15.

1111111111,11111111. 8. 81111. 21.
1111111111 811111. 88. 8111 111., rex. 29, 121.

111111,81111111. 118. - 17. rex. 55, 59, 81, 83, 85, 08, 88,
11111111, mag. 171. 89, 70, 78, 71, 78, 77, 78, 82, 88,
- eom. 180. 88, 92, 108, 118, 121,128, 181113,
111111, 111. 21. 115, 118, 119, 180, 198, 222.
1111111, 1111111. 95. - juv. 111. 85.

1111111111, 11111. 5. - rex primogenitus. 19, 59, 52.

81. Augustini, 11. 111111111219. - du 101, 102

1111111.178,175. - 11111. 71.

1111111111. 175. -1111182, 151. ³
81111, 11. 0111 1111111111. 57, 91. 1

811111. 91.
Β· 8111111. 91.
(Sim woh P.) 81111111, elect. strig. 11111. 1⁰5,106.
8111111111,111111111.81111. 1111111111. 109,
8111111191111. 121. 110, 113.
8111118111). 203. -11, 71111. 81, 158, 181, 189.
-1111, 8,10, 11, 1915. -1171111111, 159, 181, 188181.
- 111111. 51, 15. - 1111111.0111.11111111.78,79,81,90.
8111111111111. 85. 98, 98, 99.
8111111. 188, 192. - 11111111111111111181.
81311, eom. Ztlng. 188. - 1111.1111.811511.11111111. 78, 15.
811111 (811111). 188. - 1111. 15, 121,121,109.
1 111111119811117. - 111111. 21.
8111, pen. 75. -11111111, 173.
81111111 1811111111). 71. -111111.128,127.
’ 811111111-71111111. 95. -111111111111188

111111. , - ,111
1111111 (11111111). 111, 11. 1111111. 111, 111, 111, 111, 111.

 

