. 011111(011111112)131.
Benna. p. 125.
ἓ 01111111. 119.

³ Bel-gn, 10111. 111.

ἒ 0111111111,.10111111.11. 131.
0111111, mons. 70.

0111101011, 1111111010101. 111111. 8, 10,
11, 12.

-· 111111 11111111. 98.

, 91111, 1011111111,
¹ 01111. 11.
' nemen. 11.

01111111. 81.

Bezzegd. 92.

0111111111, notar. reg. 1.

011111, eom. 10, 11,15, 111, 128.
11111111. p. 75.

. 0111. 11.
= Byreh. 91.

01111111. 30.

0111111111, 111. 80.

01111111 (01111111). 138110. 156. 157.
190191.

- 1111. 55.

siud, 1011111. 97.

0111111. 201.

0]101,11111. 91.

6110111, vin. 128.

01010101, curtis. 66.

0111111. 18, 20, 21, 30, 10.

01111111, 10111. (1111111. 111.

- p. 75.

0011, 111. 0100. 71.

1 00111. 71.

J 00111, pers. 75.

00111011. 91.

3 Bodugd. 11.

’ 0011011, 11111. 6.

, 0011101,1011. 10,11, 15, 21, 11.

0011 (001112). 62, 111.

0011111111 (0031111111, 00111111111). 210,
211, 211, 216.

00101111, 11111. 123.

0011, 11111. 10.

001111, 1111. 55.

001111111,11111111. epist. 10.

001111. 29.

00111. 50.

00101111. 23.

00111, gen. 189, 190,

00111111, 1111. 100.

227

011111 (00111, 001111, 0111111). 9, 11, 12,

17, 18, 20, 21, 22, 25, 20, 27, 31, 32,
37, 38, 11, 10, 17, 50, 52, 17, 60, 03.

0011111110. 133.

Bassa. 151.

00111, 10111. 21.

00111. 81.

001111, propos. 126.

011110 (01111, 011111). 70, 95, 110,
0111111111. 89, 90.

- de 0011111, 1111011111. 01111. 118.
01111111, ep. vaciens. 10, 21, 15.

- 1111111. ep. 98, 99, 102.
01011111(00111111),0111. 11111. 62.

111111. 11.
01111. 118, 122, 126, 131,132,110,173,
1951911, 208.

- 1111. 209.

- congregatio nob. 182

- 1011. 55.

- (11110. 12.

- 1111011111. 118.
0111111111(011111111Ι11). 133, 131.
0111111111. Stoje. 50.

011111, eom. 111.
0111111,111111. 55.
0111111111, 1111111101. 71.
0111110111, 11111. 50.
011111 (0111). 197.

0111111, enne. 15.

0111111. 11.

0111111011. 11.
01111ς1.12.

Burgberg. 68, 69.
0111111 (00101 00111111),11111,111, 151.
amad, 10111. 21.

01111. 223.

(91111 1111111 1111 Ζ.)

01111111, 01111111111. episc. 10, 11.
01111111, 1111. (11. 220.

0111111, presbiter. 178.

0101111 (00111011), 11111 genus. 58, 56.
0111111111, decanus 1111. 98, 89.
catapanus, 1111111111. 10, 11.
0111101. 11.

Cautus, 1111. 71.

0111111, nemus. 8.

Congald, 11111 (0111). 66.

15*

 

