1111111111 comes 111111 1111161111, 12661 192.

- 1111111111 Agatha, 12801 268,

9111111011 eomes, 12801 268.

- ,, (11011111. 111111.,13ο111 379.

- 111 Vrbem, 12911321.

91111116 61111 Heneng 11110111 1111111111 1290-13001 383,· 381.
,11111111 1111111111, 12911 321.

- 111111 1111111 de 0111, 12801268.

11. 1111111111 lapicida, 12871201.
1111111111, 1111111111 21111111, 12731 227.

- ,, 6111101111,12891306.

- 111111 11111611111111111, 12891 306.

11111111 111111 11111111 1111111111, 12891 306.

1111111111 1121111111111111, 12631 168,

- 111111 chyl de villa 11111111, 12721 220.
,, 111110191111, 12961853.

- 1115111111. 1111111111 21111111, 12721 218.
9111111111111111, 12991 376.
91111111111111111 1111111113 111 01111, 12891 3061 12991 313.

- (11111111, 12801268,

- mag. agn. 111111 111 21111111, 12791260.
notho (11111111, 12681 192.

811111 magist„ 12061 353.

81111611 61011111, 12911 321.

7111, 111111 111111 61111111, 12711 209.
0111111111, 111111 (1181111111, 12051 318.

1011111011(111111), 12801 268.
10111111111111111, 12801 276, 268.

Vl. 0111111111111111111.

01111111011111· 11181111111111, 12111 13; 12121 17, 181 12131 521 12181861 12221
76, 77, 781 12231 79, 30, 811 12211 81, 85, 86, 88, 901 12251 90, 91, 92, 93, 01,
9511226197,99,100, 101, 102, 1031 12311 110, 111, 117, 118; 12311 126.

flandrenses 1111111111 1192-11961 16.

1111111111 Albenses, 12781 258.

- 111111 regis de 01111111.1111111111181-11861 12.
- 110111111112611166.

,, Ζο111111101,12911327.

,, 1111111111,11811283.

„ „ 011111·.12611165166112931311. Ι
,, 011131711112691190.

„ 131111112991376.
„ 11111111, 128013021111111111 12661 185.

,, 11111111, ehrapundorf 11 111111, 1200135.

,, ‚‚ 11 de Krapundors‚ 12851 286.

,, 1111111112991376.

„ Korokou, 12891300.

„ 6111ο111,12611166.

„ 111111111111111, 12911 327.

,, 11111 felium, 12991 368.

1 1 1 Ι Ι Ι 1 Ι 1 i 1 Ι 1

 

