ziloh. 124. Zonue, 1331. 183, 184.
211113 (Magyar 8111131). 291, 262. 2311131, eom. 58.
Zymis. 29. 231311, 1111. 212.
2011101, eom. 185. - 221.

- (8111111113) eom. 73. 2111111 (8111111). 145.
201311, (81311111). 73. 2161111113131113. 96.
20113111 (8131611111), 86. 2111131 (8113313). 199, 296.
Zolnm (Zolyom). 194. 21111111. 14.

Zomordog (8131131111), terra. 72. 2111111101, 31113. 154.

- 133. . thodol, 113113. 62.

Zonue (Zonuk), eom. 59, 66, 73, 95, 96, zumbothely (Szombathely). 167.
116, 128, 136, 144, 159, 165, 169, 21111131181011111111111). 56.
199, 299, 211,213, 214, 217. zum-g, eom. 15.

——ss-

11.

Index specialis,

(1113 31631 weisen 111 die Nummern 1131 1133331311.)

Andreas 11,, 1295, 33, 34, 1296, 35, 36, 1297, 37, 1298, 38, 1299, 39, 49, 41,
1211, 42, 43, 44, 1212, 47, 48, 49, 59, 51, 1213, 53, 1214, 54, 55, 1215, 56,
1216, 57, 58, 1217, 59, 99, 61, 62, 63, 64, 65, 1218, 67, 1219, 68, 99, 1229,
79, 1221, 71, 72, 73, 1222, 76, 77, 1223, 81,82, 1224, 87, 88, 89, 1225, 98,
1227,192, 1228, 193, 165196, 1239, 168, 1231, 119, 111, 112,1232, 117,
118, 1233, 129, 121, 122, 123,1234, 124, 126, 127, 128, 129, 1279, 263,
1289, 264.

- 111. 1299, 399, 1291 , 316, 311, 312, 313, 314, 315, 316, 317, 318, 319, 323, 324,
325, 327, 328, 332, 1292, 334, 335, 337, 1293, 339, 349, 342, 343, 1296, 354,
355, 356, 1297, 358, 1299, 366, 368, 369, 375, 376, 1369, 378, 1111331131
1296-1361, 382, 384, 385.

3311 111,, 1181, 11,1184-1186, 12,1186, 13, 1196,14,1191, 15,1192, 16,
1193, 17 (1281, 272).

- juvenis rex, 1225, 94.

- rex primogenitus R. 11. 1231, 114, 116, 1232, 117,118, 1233, 121, 123.

- 1V. 136, 1235, 132, 1238, 133, 134,1239, 135, 1249, 136, 1243ε137,
138, 139, 1244, 149, 141, 142, 1245, 143, 144,1246,145,1247, 147, 148,1249,
151,1259,152, 1251, 153154, 1252, 155,156,1256, 159, 1269, 163, 1261,
164, 1262,167, 1263, 169, 179, 171, 172, 1264, 176, 1266, 184, 1267, 188,
189, 1268, 193, 197, 1269, 199, 1279, 263, 266, 217, 1273, 224.

11113111131197, 18,19; 1198, 21, 1199, 24, 25, 26, 1291, 27, 28, 29, 1292, 39, 31,
1263, 32.

1111335311,,1281, 272.

631311, 1975, 1.

Homericus, 119713), 18. ·

1311111113 111,, 1272, 218, 219, 1273, 222, 223, 224, 225, 226, 227, 1274, 228, 229,
231, 232, 233, 234, 1275, 235, 236, 237, 238, 249, 241, 242, 243, 1276, 246, 247,

16·

 

