282

11010011001111110010 711100.. 11031 21 11131 3.

1101000 1110010100, 12081 201.

1110100100010011100 11101, 12881 288.

11. 11101101 11100 00011111 Petri 10 100010 0111, 12721 218.

11101001 0011011 juvenis 11101 80011110 ’110010 10 1111011111, 12801387.

- ww„ 1208110112111111 12221 77.

11. 1110111101, 12871 283.

1111010 000100, 10110100 1280-11701 102112801 280.

1111101011, 12701 218.

110100 vom, 12881 287.
1101000000, 12781 287.

110101 000110 8100101001, 12811 318.
11101001 001001 11101 100100οἰ1, 12881 288.

111101 11001, 128012801 12881 3811 12871 3011 12881 3021 12801 307.
- „ 11101 00011110111101 10 100010101000110000111, 12881 281.
110010 vum, 12181 08, 70 (0. 10011).

11. 11ἰο01001, 12711 231112881 3811 12871388301.

11ίο01001 0101 10111110, 12871 388.

- „ „ 2001101101101, 12881371.

- 001001, 12881 3011 12801 382.

- ,, 11101101100100100,12881300.
- 10 0001111, 12801 2071 12881 370.

- ,, ,, 000101, 12811 320.

- „ Gyoug. 12821278.

- ,, 11010, 12881371.
11. 11110Ιο01 11100 00011111 Petri 1111 80101100οἰ0 10 001001, 12881 301.
11ἰο01000 11100 10100, 12811 320.

- 110100 00101111 1110100110 1111 00011110 ’110100 10 1110111111, 12801 387.
- 10111110 00011110 elus, 12811 331.

- minoda, 1201: 271 12021 30.

-1100101001, 12821 2781 12881 287.

- 10111. 01000101 10 20001, vor 12081 1801 12711232112781 230.
- wana, 11701 1011213183.

- ,, 000100 10 20001, 12721 2201 12731 222, 223, 220, 2271 12711 228, 2281 =

12771281.

- „ 010000110200011110011. 1100111ἱί 12781 288.

- „ judex 001100, 12771283.

11011100101010, 12881 281.

- 1101110 7100101100000, 12881 301.

- regni 111011110001, 12881 288.
Nobilis 110011 10 ’1001 12881 301.

-juvenis Μ1010οΙ 1001001011ἰο ’110010 10011011111, 12801 387.
0101001001, 12801 207.
Paulus 001001, 12801 208.

- ,, 100100112001188.

- ,, „ 800001,12181111.

- 10 010111 01011000101101 1010101 01111, 11701 10.

Paulus 10 200001, 12171 117.

- 11101 comitis Michaelis, 12881 288.
M. 100101111011010100111, 12801 307.
200101 filius Petri 01100, 12211 73.

 

