Cumanorum, episc. 60.
cuppas, 11111. 169. 1

1 0111111111. 11.

01110111 (8111111111). 20.
01111111. 15.
011111). 111.

1).

0111 (0111111111, 155, 187.
01111. 121.
01111113111, 11111219.
0111111111, magnus. 166.
Daniel, 1111. de Wrbou. 171.
- 1111. 61. 01111. 171.
- com. 1111111111. 177.

’ - 1111. 218.
= Danubius, fluv. 5, 18, 20, 88, 213.

Daras, p. 155.

1 011111. 22, 29.

¹ Daroehpatak. 215.

01111111. 133.

David. 203, 208.

0111 (01111). 71.

01111111. 171.
-11111111171, ,

0111111, com. 01111. 102.

0111111011 Tuus. 151.

Demegtsluks. 101.

Demetrius, Alb. ecel. ppt. vicecane. 93.
- 111. 1111110111201.
- 1111011101. 61.
- 0111111111. 61.

1 - mag. 1111111111. 01111115.
1 - 1111101111. 181.

³ - de 11111. 183.

. - 11,93,119,203.

1 pene. 11.

. 011111111111105.

0111,11111111”11.101.

1 011111111111. 011111. 10,15, 19, 2115, 92.

01111110111111). 136, 185.
1 - hospites 11. 72, 73.
; 01101181111111311. 66.

¹ 011111111111, dom. 1111. 90.
¹ - 1111. 11111111111111. 209.
z Deva, 1111. 93.

01111111. 100.

p 0111111111(01111111). 60.

01101011111 (cruciferi, 111111.81.1111111
1111111111). 9, 10, 11, 12, 17, 19, 21,

229

22, 25, 26, 27, 31, 32, 16, 17, 50, 51,
57, 107,180, 189.
Diones 711111. 13.
Dionysius, 1111. ep. 98, 99, 102,100, 109,
135.
- ps1. 15, 179.
- palat. 11111. 11011111. 51.
- mag. 111111110111111. 111.) 13.
- mag. agsz. 1111711111. 61.
- eom. magno nasu vojwoda. 57.
—- 1111. 15, 71, 157, 166,167,179.
- 72, 92.
01111111 (0011111), 1111111. 60, 66, 118, 128,
165.
- 156.
- 1111. 65.
0111111111.
0111111111, magnus. 157.
0111111111 11 0111111111. 196.
- 1111111181.
- mag. 11111111. 1111011111. 61.
01111, fluv. 97,
010111, torrens. 95.
0111111111, 01111111. 168.
011111(01111),11111, fluv. 91.
011111 1111111111. 221.

0.

0011, vill. 128.
0111111111101. 131.
011111 de Gerustsleke. 182.
Egeres, 111. 215, 226.
0111111111. 21.
0111111, ban. 011111. 102.
- 1111011110. 12.
— subdiac. 111111111111. 53.
- 1011031216.
- 11111.1111111.98,99.
03111, abb. 16, 31, 31, 36, 39, 51, 55, 56,
95, 216.

’ 01111011. 11.

03111, monast. b. 11. V. 216.
0110110111, poss. 2, 113.
011111111η11,111. 175.
0111111111. 190,

, 01111111 011111. 181.

0111111111113. 123
-11011, 188.
- 1111111. 107.
- 11011111 1111111. 218, 219.

 

