111111

1111111111111111111111111110111111111111,(111311
111Η1111111111111111101111111.
0113. 111 ung. Η11111111111-Α111. lv, 11. 011111111111111113
1111111111 1, 79. 11111 V, 3,1171111111,1, 211.
[111111111111111. cmv.

302. 1280. —· 11. Ladislaus winderholt 111 1113111113 11111111
0111111111111111111111111111111.
1111111111 111 111Ζ111Κ. Andreas 111. im 1111111. 01111. 11111.
111 11111 113111113111 1111111111 111 1111111. 01111. 1111111111
v. 1111111111. 1111111111 111 1111111. Gub. 1111, Ζ. 1281. 1788.
11111111, 4, 226 (1).
- 011111111111 Ν1. CLV.

303. 12811. - K. Ladislaus 1111111131 dem 1111111113111111
0111111111 111111 11131111 111 0111111111111, 111
111111, 111 81111111 111 111 8111111111 1111111 111
zwei 01111111111 111 11 Unter-Winz 11111311 zalla
11111181111111111111131111111 111111111.
0113. 1111111111. 011111111-111111 1111. 1111. 7, 1. 1111131 1111111
1111 1131111111111 Β1111113113 K. 1111111111321, sept. 11. 011.
0111111131.
811111131111111181111111,1111111.11111111111838,128.
011111111111111. CLVI.

101. 12111. - K. Ladislaus 1111111131 111 11. 8111111 V. 111 111
11111311 111 1111111113111111 1111111111 31111111
Β111111113111111111111111-011111111111111,

1111 1111111111113113 111 Κ. Andreas 111. v. 1201 im 1111111.

011. 11111. 1111. 111. 1. l, 1.
11111111111995.811111111111.111.1.11.1’11’1111,3,111.
011111111111 Ν1. CLVII.

301. 1288-1111111111111 1111111 relator. des 11111111131-
1111101111111,111111110111111111811111311111-
31111111111111.

111 111111111111111 1111111111. 0111111. v. 11111 in 1111111111
011111111111111113, 81111. 1, 97.

1111111112, 121.

011111111111 Ν1. 011111.

306. 1281- Das 111111111311111 0111111111 1111111111,
11110111111111111 11101111111111 111 8111111111
(1111111111111811111111111)1111101111181111111
111011111111111, 11111113’1811111101111111111-
1111111111.

111 dem im Besitz 111 11111111111111 11111111111101131111-
1111111111 von 110711 G. Kemkny's 1111111111111111. 81111. 171.
011111111111 Ν1. cmx.

 

