111111

1111111111.111111111111111111111111111111Τ1111111
211111111111111111111.

11111 V, 3, 94.

Urkundenbueh 111. 611111,

213. 1221. &lm-K. Ladisleus 111111 1111111111111111111111
11111111111111 ahgenommene Gfiter 1111111. 111111 111

Zeugen: 1111111111111111 (111).
111111 V, 3, 80. 8111111111, ep. Agr. 1201. 1111111111, 811.

271. 1222221111.-111611111111111116111111 1111111111,
1111 11 dem 8111111 1111111111111111111113111111
11111111 111 stephan, dem 81111111111111111 111
11111 11111 111 ’111111 111 1111111111 (11111111111
11111 811111111 111 (111111 011111 1111111131 1111,
11 11111 1111111 11111111 111 Capitol 1111111111,
111 11111111 11 111 1111111 11111111111, 1111111111
111111111111111111111,11116111811111111111111111
(111111111111111111111 durch Zweikempf 111 (111111
1111111111111[1111111111111111111111111.

0111111111 1111111.611111111-111111. 11111111, 111111111111111-
lung 1, p. 62. 11111 V, 3, 1111 vll, 4, 1811 1x. 1, 611.
1111111111111 111. cm.

275. 1212. 2111111. 111 111111 111111 11 1111111 11111111- K. 11111-

1111 1111111 111 1111111 111111111111 111111111311
1111111111.111111111111111111111111111111111111
1118111111111111111111111111111111111 1111111-
11111111111, 1111111 111111111111 111 gegenwfirtigen
Bewohner 111 111 11111111111111111 111 111111111-
11111111111111111111111116111111111111111.
Origine! im siebenh. 611111111-111111 ciet. 1111111. 1111. l, 111135.

111111111111111111111111118. 1111. 1, 16. 81111111 1111111122.
1111111 111, 862. 111311 V, 3, 118. 11111 11 81111. p. 216, 277.
Ρ111,111111111ῐ1 11, 212. 1111111, 1111111111 11, 309. 1111111, Τ11111111-
111 1111211111. ,

1111111111111111. cxxxl.

276. 1222121111.6111.-11.1.111111111111111111,111111111111
81111111,11181111116111111111111,1111111111111
8111111 11111111111181111111,111111111 1111111
1111111111,Ψοί111111118111111111111111111111111
1111, angeblieh 1111 Einwilligung desselben 111111-
111,Ψοί11111111811111111111111116111116111-
11111111111111111111181113111111111111. Datum
Budae 111111 11111111 Pentheeostes, 1111 domini MCC ottoagisimo
seeundo.

FejerV, 3, 121.

 

