211

218, 250, 251, 1277, 259. 251, 1278, 255, 258, 258, 1279, 280, 281,282, 1280,
289, 1281, 279, 1282, 275, 278, 1289, 279, 281, 1281, 282, 281, 1285, 285,
288, 287, 1288, 298, 297, 1289, 298, 299, 999, 991, 902, 999, 901, 1290, 907,
998, 111111111285-1299, 289.

1111111111 289.

stephan ln, 1185, 7, 8, 9, 289.

- junior 11. 11. (lulum, 1281, 185,188,1282, 187 , 1289, 179, 172, 179,1281,
177,178,189,185,1285, 181,182,189, 1288, 185, 1287, 188, 187, 189, 190,
1288, 199, 191, 195, 198, 1289, 198, 299, 292.

- V., 1270, 209, 201, 208, 207, 208, 1271, 209, 210, 211, 212, 1272, 219, 211,
215, 218, 217, 218, 219, 220, 1279, 222, 228, 292.

ll. 9111111818, 91111811 110 0111111111.

Α. 1111111811.

Simon, 1109, 2, 1119, 9.

8111111, 1199, 5.

nullom, 1155, 8.

7111111, 1188, 8.

Paulus, 1181, 11.

Adrianus, 1190, 11, 1199, 17, 111111111192-1190, 18, 1197, 10, 1198, 21,
1189, 21, 25, 1291, 27, 28, 1292, 99.

Λ. ,11118111111111’., 1222, 75.

7111111111 (Willermus, 9111111119, Villelmcs‚ villermus, Guillelmus 118), 1297, 97,
1298, 98, 1209, 9919, 1211,12,19,11, 1212,19,50, 1219, 52, 59, 1211, i
51, 55, 1215, 58, 1218, 57, 58, 1217, 59, 80, 81, 82, 89, 81, 85, 1218, 88,
1219, 88,89, 1220, 70, 1221, 71, 1222, 75.

lleynaldus (1111111111, ll. praepositus 9111811111 11 8111119111118111111111222, 71),
1222, 77, 1229, 81, 1221, 87.

8111111111 (1), 1221, 89.

111,111811(11111Ι(111,1118111111, 1113111811), 1225, 98,1228, 109, 105, 108, 1290,
108, 1291, 118,1299, 122,1291, 125, 128,129, 1295,192, 1298, 199, 1210,198.

Gallus, 1219, 199.

11111111 (1111111111),1211, 119, 111, 1215, 119.

Gallus, 1218, 115,1217, 117,1251,151, 1252, 158,1259, 157ς1289, 172, 1288, 199,

Paulus (1811111), 1288, 197. ,

Petrus, 1270, 291, 1271, 212, 1272, 219, 215, 218, 219, 1279, 221, 228, 12711218,
229, 292, 299, 1275, 295, 298, 297, 298, 210, 219, 1278, 211217, 219, 250,
1277, 252, 251, 1279, 280, 1281, 270, 271, 279.

loannes, 1282, 271.

Pecus, 1282, 275, 1289, 289, 1281, 282, 281.

l’. episcopus, 1287, 291, 292.

Pom, 1288, 291, 295, 298, 297, 298, 1290, 999, 1291, 912, 915, 919, 921, 929,
925, 991, 1292, 997, 1299, 912, 1295, 918, 959, 1298,959,1298, 982,1299;
988, 988, 970, 971, 979, 971, 1990, 977.

Β. 9111111111.

11. (Megistos) Nicolsus, Ecclesiae Alliensis 711111111111 91111111111, 1288, 191,
1289, 201, ,11111131119111811111111111 1272, 229, 1279, 225, 1278, 251.
Clemens Prepesilus ecclesie 711111111111, 1278, 217.

 

