Paulus, woyw„ 12211 71, 72.

1000110 eomes 00 liuius, 12011 20.

Petrus 1111001111, 12801 305.

-1111001111, 12381 131.

- 000101, 128212781 12081 3531 12081362.
- ,, 0011011012001376.

- ,, ,, 2000011, 1108121.

- ,, 011018001111001100 ostend, 12801 301.
- ,, 101011, 12671187.

- 00 chal, 12131 225.

- ,, 11010110, 12711 230.

- „ 1111... comes ds Culus, 12881205.

- ,, 1101011110οὴθο 1200-13011 330, 883.
- ,, 200011, 12721 221.

- et Psulus lilii Gerus, 12021 338.

- ll. 111100. 001001 tls 0111011, 12761 133.

- ,, eleonis· 00800110, 12771 251.
- ,, ,, ,, ,, Ζ1111010,12701280.

- ’111111100 30011110, 11701 10.

- 110111, 12801 260.
Ρ1111111110101. pincernarum 00100100 11010111, 12721218.
Ρο011 eomes 21110100111, 12721 210.
0001101 12231 81.

Pons, 12671 100. .
1001111111, 12311 113112351 130, 1321 12381 1331 12101 1311.

1111111001 (1101110, 1111111110,110111010,11010110) 11111100, 12171 50, 60, 81, 63, 61, 65.
11οο01101 00010100 8. Paulo, 12051 317.
11011010 001000, 12811 282. ·

1101110001 110111, 12811 282, 2831 12011 310.
- ,, 01001001 00 2011001, 12811 2831 12001 300, 312, 311, 310.

110110001 ,, 128212761 12071 358.

-- ,, 01001001 0020001, 12011 323, 325, 358.
1101011101 110111, 12061351.

Simon 110111, 12151 56.

81111101001000101 0011111101 81010011011111, 12051 33, 311 12061 36.
801 0011111110, 12051 31.

Stephanus 000100, 12821 2711 12051 317.

- ,, 110010001001110,12811270.

- 00 chan, 12031 330, 310.

- ,, 20011111, 12071 350, 360.

M. stephanus 01101001010111100, 12721211.

8101111001 8110100101111 Michaelis, 12801 200.

Μ. Stephanus 011011110110111, 12001 307.

Stephanus viesjudex 00110, 12811 270, 271.

8100011001110111., 12171 117.
l Thomas, 12301 1301 1111101100 1235-12101 130.

- 000101001110011111, 12061 357. ι
- 0110110111 00 wirla, 11110100 1200-13001 383.

Tiburtius 001001 de 1001101, 11001 21.
’101111 0010010101, 12311 113.
11111001 111110, 01000101 0010001, 12751 235.

 

