1111111, com. 15.

— 1111111. 181.

- 11 1111111111. 131.

ᾗ de Eos. 187, 188.

- 11 111111. 183, 181.

- 11 81111. 207.

·— 111. (11111. 156.

- 11 1111111. 195.

- 111. Magni. 120.

- de 11111. 211.

- de 91111111. 193.

- 111. 81111111. 91.

- Siculus. 203.

- 11 Somou. 132.

- 111. Petri de 811111. 131.
ὼ 111. 1111111 11 Τ1111111111. 183.
- ung. 97, 116, 132, 138.

! - lapicida. 139.

-1111, 177.

-12,11,75,111, 119, 111, 203, 208.
1111111111111111. 98, 99, 102, 101, 109.
11111111111. 203.

1111, 11111111. 19.
sula, pal. 21.

- 111. 11 1111111111, 15.

- 111. 120.

- 1111. 1111111111111. 1111111111. 10.

- 11111111. 11111. com. 11.

- Bodrog. 1111. 10.

- 811111. 111118, ‚

- com. 15, 15.

- 111. 111111. 111. 78, 79.

= 1111 1111111111. 9.

Κ.
(81111 1111 C.)

3 Kajnntho. 132, 133, 131.
a 1111111. 72.

1111111 (11111111). 191, 195198.

, 1111011111), pagus. 71.
. 1111111. 99.

11111111, epis. 111111. 16.

111111. 89.

1 1111111111, 11111. 93.
1 1111111, p. 119.

1 Kaplyon‚ gen. 111, 113.

1 111111, vina. 128.

·- 11111. 215.

1111111. 7, 61, 85, 86, 136, 151, 152,
222.

233

11111111, comit. 212, 221.
111111, 81111111. 11 genere. 59.
11111111, 1111. 106.

111111. 168.

1111111, 11111. 93.

- 1111111. 170.

- (11111111). 177.
1111111. 111.

11111111 1191111. 86, 87.
- 97, 101.

11111111. 101, 111.

11111 1111111). 116.

Ἴ 111111, 111. 123.

Kena, 111111. 55. ·

11111 1111111111, 91111. 75.
1111111, poss. 117, 11.
111111, mag. 11111. 196.
1111111, nemus. 92.

‘ 1111 (1111,1111111111111).1111.

31, 36, 39, 55, 70, 83, 91, 98, 216.
1111111111111111111 168.
1111111111 1111111111). 207.
1111111111. 113.

1111111111. 168.

111111, 11111239.

11111111, vi11. 128.

1111111111. 2, 199. (8. 111111.)

1111111111, 611111. 150, 151.

111111, terr. 183, 181.

1111111111. 168.

[1111111111. 15.

Kirnlyerdeje. 171.

111111111111. 132.

xis 11111, fluv. 120.

11111111. 210, 211.

111111, comit. 105.

- 171.

1111111111 (11111111). 105, 127.

11111111111111. 73, 77, 101, 131, 111,
195, 213.

1111, vin. 128.

Kopion (11111111311. 71.

111111, mag. 115, 116.

1111111. 2.

11111111, 119.

. 11111111, 71.

11111, riv. 155.
11111111 171.
1111111. 11.
1111111111. 138.
11111111 12.

 

