290

11111111, 127912991 12911 921.

1111111111, 12791292.

11111, 12791 291.

111001 (tem), 12811 279.

1111011(111101,111111), 12291 811 12991
1201 12911 1791 12711211112721
219.

1111111011, 12981 991.

111111111111101101110), 12881 291.

91111111, 12821 275.

1111111111, 11791 19.

11111, 12911 919.

1111111, 11981 1.

11111011, 12171 118.

110101, 12911 928.

110101110101101 (1101111101011111, 1111111-
111011111), 12751 299112891 2791
12881 2981 129519191 12991955.

1101011, 12751 299.

11011101, 12911 199.

11011111, 11791 19.

11011, 119811.

xp. .. ’(1111), 11111 1111.

9111111011, 12851 289.

11111111, 12721 225.

11111101, 12271 102.

11101111, 12781257.

111111111, 12291 1991 1111111111 1295-
12191190.

1111111111, 11981 1.

1111111111 (villa, 1111111111), 12821 2751
12991 970.

111101111111, 12991 959.

1101, 12911 990.

111111,12991 9721 19991 981.

11111111, 12991 997.

111111, 11971 18.

Lupus, 12911 919, 917.

Legum, 12991 952,

Leaen, 119811.

1111111111111, 12891 909.

1011191111011, 12191 98.

- 911111, 12991 291.

- anginae, 12191 68.

- 11111111111111, 12991 281.
·-· 111111111110, 12891281.

- 10111111111, 1291 11929.
- 91101111101, 12831281.
- 9111111111, 12191 68.

— 901110111111, 12191 68.

- 1111111111, 11011 101.

Locus 21110110, 12191 68.

1100111111, 12891281.

1111110, 11981 1.

1111111, 12191 119.

1110111 (monasterium 111), 11951 71 12181

119.

1111111, 12891 289.

11111, 12991 971, 971.

111311111111 0111111111 2111111, 12781 255.
1111110111111, 12271 192.

111111, 12811 272.

11111111, 12191 98.

1111011011, 1219198.

111001, 12811 282.

110010Ιί1, 12181 119.

1101111, 12991 190,11111011111299-12101

199.

1101119111), 1289199111 12991 919.
110111111111, 12951 951.

11011 major, 12891 280.

- 1111111, 12191 199.

- §.meh-011⁸, 1229181.

— 8. 91111, 12101 199.

- ’1111111011 12191 199.

1101111111, 12971 959, 990.

111111, 12191 98.

1111111, 12891 289.

9110111111, 12991952.

111111, 12991201.

1111111111, 12911 191.
111111111οω1, 12911 199.

11011101, 12981 992.

111101, 12171 118.

00111111,12791 219.

oclus, 1278, 257,

03111, 11981 1.

01111, 12281 109.

011111111111 1111111111 1295-12101 199.

0111111,12171118. ’

010101 911101, 12911 112.

01111, 119811.

91111101111 11911111311101, 12991 189.

91111111, 12991992.

91110111111111111111 1295-12191 1901
(9011111011) 12891 909.

911111, 12191 98.

9111111111, 12911 911.

91111111111,12991952. -

9111111111, 12911 910.

90111111, 12911 191.

90111 11111111, 12891 299.

 

