Index generalis,

(1111 211111 11111111 auf 1111 8111111111 111111111111111111111111111.)

A.

’ Aba, ς111111.13.

¹ Abraham. 94.

ζ 111111.131.

¹ — 11113.111111111.117.
, Aona, villa. 5.

¹ 11111111ς1,11111111. 6.
1111111111 st.. 1111111. 14.
11111111 Martum. ep. 265.
- 11. 11111 Megyes. 131.
Adrianus, 111111. 1, 5.

-— ep. Alb. 15.

— 11111. 311111. 126.
Adrion, 11111. 135.

1 Agatha st. (Agnethlen). 121.
Agris. 45.

- 0950. 10, 11, 11, 11, 11, 11, 11. 11,

28, 267, 268.

11116111, Siculus. 76. ’
11111111 (11111111). 18, 26.
11111111. 62.
1111111, mons. 154.
1111111111, 135, 152, 172.

- 111,(11111111111711111111. 191.
Alba, prepos. Vesprim 11111111.

- canonici. 59.

— castr. 85161.

‚ - 111181, 89, 91, 162, 163161, 137,

¹ 145, 157, 196, 197.
1 - comit. 93,127, 181, 192, 263.

1 - 1111.1,2, 7, 11,12, 15, 16, 55, 67,

71, 96,165,261, 213.

ἡ -· 11111111111111181.
¹ -- conv. pred. 266, 219, 222.
³ -111111111111111,

- 66, 97, 163,166,167,116,111,115,
128, 131, 137, 138, 139, 111, 117,

³ Fontes. 1111111. 11. 11111111.

151, 152, 153, 159, 166, 165, 167,
189, 218.
11111111111111,11111 31111. 181. 182.
1111111111, dux Aust. 179, 181.
— mag. 1131119899.
-— 11111101· Alb. 89, 95.
- mugnus. 111.
- 114.
Alexander, papa. 71.
- ep. 9111111. 15, 19,15.
11111131, 1111111111. 9,18,26,
Almagia, 111111. 9, 26. ·
1111111. 71, 196,
- 1111. 123, 261.
1111111111. (1) 263.
Almus, dux. 1.
1111111111, eom. 13.
Ambus. 116.
11111111. 135.
1111, 11111918, 26, 21.
Andreas 11. 7, 8, 16, 12, 13, 11, 17, 23,
26, 27, 28, 35,11, 12, 45, 48, 56,
52, 51, 57, 58, 168, 119, 152, 222.
- 111.,111.157, 158, 159, 161, 165, 166.
167, 173, 171, 178,179, 186, 181,
183, 185,187, 191, 195, 196, 198.
267, 268, 269, 213, 211, 216, 222,
223, 221.
- 1111111. 159, 161,168.
- Agr. ep. 166, 159,195, 159,161,168.
181, 268, 217, 218.
- prior 8. Aug. 185.
- 9111111111. ep. 265.
- dec. Alb. 155,198.
- 1111111 Alb. 89, 95.
- sacerd. 126.
- 1111. 183.
- ι11111101. 87.
- 111. 8111111. dapis. mag. 57.

15

 

