1

1

01111. 115, 911111, sacerdos 1111111111. 72.

01111. 15.
0111111 (011111). 15, 70, 167, 185,186.

g 011111 111111. 11.

3 01111, navis. 69.

- 1111111111111.
1 011111. 126.
⁰¹⁰1)- 71.

g 1111 (111), 1111111, 111.

1
1

0111111111. 89.

0115111111111 (01111111). 59.

1 0111111, palatin. 1.

Ompudinus‚ 1111111, 59.

4 Onpoy, 11111. 96.

0111, 111. [1111311111. 71.
011111, palat. 1111111111. 181.
- p. 155.

0111111111, 1111112.

Orod, praeposit. 2, 5, 11, 51, 55, 113.

-ωωῧ
0111111. 117, 118.
- 11111111. 18.

- 0111111. 175.

3 Orth. 91, 95.
, 0111111111. 101.

0111, 1111121111111. 61.
Osoisyd, 11111. 11.
01111111, 1118111. 101, 117. ,

’ 011111. 11.

P.
, (1111111111.)

9111 (911), 1111181196.
Pagha, 11111. 93.
91110111. 193.

9111111, 1111111. 11. 206.
9111111111 (9111111111). 60.
9111111111, loe. 6.

ς 91111, 1111111159, 161, 168.

J 91111111191111111111), conis. 63151.

ζ 91111,1111. 100.
’ 9111111, 1111111111, 111. 181.

- ep. 91111. 98, 99, 102.
— 11111. 1. 111111. 131.

— abb. 132.

—- 1111111111, 11111111, 2,
κ 1111111111. 115.

-111111.115,110.
‚ - 111111 11111. 112, 155177, 178, 183, —- 110111. 187.

188, 192, 198, 208.

- 1111111111. 102.
-1111111161,

- 111111. 31111. 98, 99.

—- 1111111111. 181.

- 1111101111. 102.
-111185

- 1111. 011. 111.

- 11011111111111. 182.

- 1111111111. de 0111111111. 67.
- 1115119,

- 8181111111), 189.

- 91, 119, 133,135,155,156.

911111, 11111. 111. 19.

91111111. 11.

9111111111. 187.

91111, 1111. 55.

91111111111111(9111115111), episc. 51, 53,
58, 60.

91111111, 111111. 55.

9111, 11. predicat. 56.

Petervmclgya. 88.

911111, Trans. ep. 98, 99, 102, 103105,
106,107,109,111,121,122,127,131,
135,199,110, 113,111, 116,159,161,
165, 169, 170,177,178,181,186,188,
190, 191, 193, 200, 201, 207, 208, 209,
210, 211,213, 211, 215, 217.

-· 0111. episc. 10.

- Vesp.ep.106, 109, 135.

- 1111111111. de 01111. 188.

- 111. 11111. 173,178.

- pleb. 11811111. 218.

- 11111. pred. 11 01111111. 129.

-11111111, 91.

- 1111. 106.

- 1111111198, 99, 135.

- mag.pinne1·n. 98.

- 31111, eom. 10.

- 11 11111. 111.

—- 11111, 88, 130, 111. 115, 116, 193,
191, 195, 201.

- 111. 111111 111111. 201.

- 1111111111. 62, 151.

- 61. 1111. 59.

- 011111. 100.

- 11 0111111111. 196.

— 111011111ῃί. 116.

- 61. 1111111111 gen. Coplon. 59. '

- 11 0111111111. 121.

 

