281

111118111111111, 12711 231.

- Thur, 12781 215.

- 7111111 31811111, 11871 18.

- 71111111 12911 328.

- 1111111111, 12881 351.

- 1111111 (711111), 12381 1311 12831
388.

- Vyuar, 12981 382.

- 21111, 12991 3721 13881381.

1111171111) 11111. 12891 393, 1111111111
1298-13911 3111113991 379.

Vir, 113811.

111111, 11381 1.

7111111, 12951 318.

11111, 12121 155.

vom, 11381 1.

71111, 12911 318.

171111, 12181 158; 12511 1531 12121
1851 12971 359.

711111, 12911 326.

1711111111, 12831289.

171111, 11111111 1299-13811383, 381.
12911339.

7111111111, 12991 371.

1111111, 1111111111 1235-12191 139.

Wineh (Wyneh, wine), 12181 1591 12611
1791 12831 2891 1111111111 1299-
13911 383.

1111111111, 12911 321.

21111, 12671 186.

211111181111, 12831 188.

2111111311, 12781257.

2111111, 12181 119.

21111111, 12781 281.

2111111 (possessio), 12781261.

21111, 11991 28.

2111, 12911 327.

21111111811, 12171359, 388.

21111 1111111 (11111111 regulo), 1251 1 153.

211111111111111, 11781 18.

- 1111111, 11761 10.
- 1111111111, 12991 371.

211111, 12281 183.

21811111111 provincia, 12821 289.

2111111111 (lybiam), 12711 2121 12721
211, 215, 2181 127912891 12821 277.

ligeth, 12181 119.

211111, 12181 111.

211111, 12811 185.

211111 (21111, 211111, 211111), 11971
1911198121111991211121911361
12161 1151 12171 117112811 1611
12711211,2121 12721211, 211218,
2181 12761 2581 12771 212, 2511
12781 2551 127912811 12811282,
283; 1298, 3891 12911 312, 3191
12971 3591 12991 373, 377.

2111111, 12971 359, 388.

2111111111, 12911 318.

2111, 11781 19.

 

