202

71111 9111111181111, 90111,90111,12111 ’11111 1111111111, 12911 319.
1131 12131 521 12181 oo: 12221 76, - florezius, 12891 301.
77112231 78, 79, 801 12211 83. 81, - 1111111, 12931 339, 310.
85, 881 12251 90, 91, 92, 93, 971 - iistoHug, 12911 319.
12201 99, 1611 12311 110, 111, - Korou, 12721218.
12321 117, 1181 12311 128. - 11011111, 12011 188.
- 8111111111, 12911 319. - 1111111111, 12911 319.
- vinulo, 12811 270. . - 111111, 12911 319.
- 0111111, 12911 319. - 11111111111111, 12981 303.
- (mongus, 12881 191. - 11111, 12991 370.
- 801111111111, 12881 290. - 10111111111, 12911329.
- (11111, 12781 sis. -— Lomb, 12911 330.
- 01111111111, 13001 379. - 1011 (11111), 12981 362.
- 011111, 1221188. - 101111, 12831 123112811182.
- 9111111110,12911 319. - 1111111111, 12911 319.
- 011111, 12891 201. - 11111111191011111, 12281 103.
- 111111 11901111, 12891 202. - 1111111, 12911 319.
-111111 (possessio), 12921 335. - 1111111111, 1111111111 1260-12701 182.
- 11111, 12931 912. - 1111111111, 12911 319.
- 1111111111,12191 68. - 111111, 12891 308.
- iius-monus, 12911 319. -— 11111011, 12831 173.
- 1111111111, 12741 231. s — 11111101, 12811 178.
- 1111111111, 12911 319. - Nom-sch, 12831 173.
- 1111111111, 12911 319. - 0110110111, 12911 319.
- 1111111111, 12911 319. - oswio, 12711 211.
- 911111, 12981 382. - 0111101, 12981 305.
- 91111111,12911 319. - 011101, 12711 211.
- litigios, 12311 115. — 0101101128912981 12911 319.
- 111111, 12931 312. - Pus, 1290: 358.
- 9111111, 12721 211. - Petreio 1119111111, 12891 199.
-· 1111111, 12911 319. - 9011110111, 12911 319.
-· 11011011, 12891300. - 9011101111, 12891308.
- (lumbos, 12311 1131 12811 287. -101101, 12911 319.
- Gorgasi, 12891 301. - 0111111, isos: 177.
- 111010 (possessio), 12981 382. - 1101111, 12811 177.
- 1111111111,12001 185. — 8111111, 12971 380.
-111111311, 12031 173. - sinoti Michaelis, 11991 22, 23.
- 1111111, 12781 259. - 8111, 12991 370.
·- 1111111, 12891 301. - 8111111111, 12891 300.
- Hem-imus, 12871 293. - 811111, 12951 317.
- 9011, 12911 319. - 81101111 1181111111, 12521 155.
- 9111111111, 12911 319. - 801111, 1111111111 1290-13011 383.
- ignobi, 12911 319. - 80111 (11111, 12991 370.
- lgwon, 12991 378. - 8111111, 12311 127.
- 1111111111, 12701 201. - Seius, 12211 88.
-1111111111, 1285: 288. -8111101111, 12221 70, 771 1221188.
- 111111111111, 12881 2901 12911 320. - Siculorum 11811111, 12521 155.
-101111111111, 12971 381. - 8011111111, 12911 328.
- 1111111111, 12471 117. - Syos, 12821 271.
- 111111, 12811 270. - Τ11111111, 12911 319.
— 1111111111, 12911 319. - 2111111111, 12991 375.

 

