232

111111111. 11118111. 192, 159,161, 169.
- de S. Agatha. 121.
- 11111111111111. 125.
- 1011111111111111. 131.
- 1181111. 131.
- 89, 99.
11101011,1111. (81111111.) 197.
1111111111, 1011111111. 183.
1111101111, 1111. 121, 223.
- 11 111111. 218, 219.
- de 1111011179, 171.
- 111111 (8111111111). 96.
1111111, 1111116.
flerent, 11111. 128.
1111111, curtis. 66.
1111111111, 0011. 0111111.
normanni. 11111121.
1111111111,111. 0111111011. 17,19.
1111111111. 65, 197.
1111111. 128.
- fluv. 127.
1111111 (9110). 150, 151.
1101111111, 111. 111.
1111111111 (1111111111). 197.
111111111111111111), 168.
11111010111111. hospitale. 51, 55,
11111111, 0111. 193,
11111. 11.
1101111, mons. 216.
1101101111, 11. palat. 181.
11011011, 1111. 93.
Honorius, papa. 12, 15, 16, 19, 21, 22, 23,
25, 26, 27, 31, 32, 35, 36, 37, 38,11,
52, 119.
11111111. 216.
11111. 168.
11111111111118111111111101. 35, 37, 38,
11,
11011. 118.
1111111111, 101111. 6.
111130, archidiac. 12.
1111101 (11111111). 86, 87, 111.

l.

(81111 1111 Y.)

lgen. 85, 86, 151, 222.
1111. 156.

111111, villa. 69.
111011111111111111). 168.
111101, fluv. 71.

1111111111. 88, 91, 93, 97, 191.
1111111111. 215.

1111111111. 95.

111111111111111, 215.

11110011 111., 1111116, 8, 19.
lpus, prs. 119.

1101, 111101 de 11110111. 75.
1111. 87.

1111111 111101. 187.

- 1111111111. 193.
11111111111. 137.
1111101111110. 138.
111111111111. 169, 173.

J.

11111, 111111. 15.
lacobus, 1r. 1111. 11111111111111111111.
197.

-111111111111, 179, 171.

- 111. 811. 181.

- mag. agn. 135.

- 1111. 6111 11 2111111. 199, 290.

’- 11 6111121.

- 11111111. 212, 221.

- 11, 91.
1110111110,11·ι. 113.
sm, 1111111111 11, 2.
111111. 11115.

-1111, 65.

- 101111. 181.
1110111111. 112.
1011111111, 1111181111. 98, 99.

- 11111. 199.
11111110, 11111111111118111101. 81.
10111101, epis. 1.

- strigon. 1111111111.8,19, 11, 13, 15,19.
- archiep. 1111111. 295.

- (lohannes), 11). 10111.135,116, 159,

161, 168,181, 186, 299, 212, 221.

- 0111111111. 178.

- 1118111101 98, 99, 192, 196,199,135.
- 1117111121, 125.

- 1113111111. 159, 161, 169.

- ppt 611111. 115, 116.

·- dee. 111. 112, 298, 229.
-11111111, 123, 127.

- 111181111101011. 8111. 61.

- 111. 135.

- 1111. Tr. 192.

- mog. 1111. 199, 159, 161, 169.

 

