254

Urbanus 111111.. 12181 119.

M. Vgrinus, 12911 318.

11111111 vem. 101111 11 2111111, 12761 250.

1111181111 11811111111, 12981 361.

Vincentius eones 1111111 111111 Siculi 11611111, 12521 115.

11. 1111111111111111110111111 1161111111, 12951 318.
11111111111111111., 121191 11.

111111 111111, 1217162.
1111111111 1111111, 12711 211.
zegrorus 111111, 11991 21.
2161111111 Siculus, 12711 211.

V. 1111111101 111111111111111111 andere wiohtigere 1110111 1111111111 ,
11111111111111. ’

1111111111 11 1111111, 12951 318.

111111111113. 131111111111111111 2111111111, 12711 212112721211, 215, 216.
Alexander 1111111 comen 8111110111ιεί1 1111 11011011, 12751 212.

11111111 (meander) 1011111211111110, 12711229.

Andreas 1111111 normani 11 1111101111, 12961 337
11111111101111111 villa 11011, 12921 335.

11111111111111, 1281: 2711.

[11111111111 11 1101111, 12791 262.

8111111. 1111111111, 12911 326, 330,

eniel eomes 1111111 611111 de 11111111, 12711 2119.
christianus 1111111 Ludweg, 129²: 333.

Chye! 1111111 11 11111111, 12691 2110.

0111111111111, 12721 221).

Comes 8111111111 de 7011111111, 12651 182.

- Daniel 11 11111111, 12911 321.

- ,, 11111111“1111,12911 3211 131161 379.

-— 1121111111, 1111111113. 1311111, 12791 2611.
- Η11111111111111111111., 1300: 379.

— Petrus 611118111101111, 12881 296.

octricus 101011 11 11111 11111111, 12991369.

Ehe! de 311111, 12711 209.

Elisabeth relicta comitis Herbordi 11 1111111 insen, 1300: 379.
1111111 11 11111111, 12711 209.

81111111 Saxo, 12521 155.

61111, filius Mardi, 12911 322,

Gela, 12141 142.

11111311111111111, 12861 268.
6111111111111111011111111, 12801 268.

Gyan 1111111 Mardi, 12811 282.

111111 de Keluuk‚ 1291: 321.

111111111111, 12681 192.

-· „ 111013111111111111111111, 12791 212.
Η1111110111111111111, 12681 192.

Η11111131111111, 12931 313.

1111110311 11 1111111111, 1300: 379.

 

